%% Coordinates
-953.571456146311	-179.1923865430709
-953.571456146311	-178.3145518686014
-954.4492908207807	-177.43671719413155
-965.8611415888861	-177.43671719413155
-965.8611415888861	-176.55888251966206
-966.7389762633555	-175.6810478451922
-972.8838189846432	-175.6810478451922
-972.8838189846432	-174.8032131707227
-973.7616536591129	-173.9253784962532
-983.4178350782789	-173.9253784962532
-983.4178350782789	-173.04754382178336
-984.2956697527484	-172.16970914731385
-995.7075205208539	-172.16970914731385
-995.7075205208539	-171.291874472844
-996.5853551953236	-170.4140397983745
-1006.2415366144895	-170.4140397983745
-1006.2415366144895	-169.53620512390498
-1007.1193712889591	-168.65837044943515
-1016.7755527081252	-168.65837044943515
-1016.7755527081252	-167.78053577496564
-1017.6533873825949	-166.9027011004958
-1030.8209074996396	-166.9027011004958
-1030.8209074996396	-166.02486642602628
-1031.6987421741092	-165.14703175155677
-1036.0879155464575	-165.14703175155677
-1036.0879155464575	-164.26919707708694
-1036.965750220927	-163.39136240261743
-1039.599254244336	-163.39136240261743
-1039.599254244336	-162.51352772814758
-1040.4770889188055	-161.63569305367807
-1044.8662622911538	-161.63569305367807
-1044.8662622911538	-160.75785837920856
-1045.7440969656234	-159.88002370473873
-1048.3776009890323	-159.88002370473873
-1048.3776009890323	-159.00218903026922
-1049.255435663502	-158.12435435579937
-1051.8889396869108	-158.12435435579937
-1051.8889396869108	-157.24651968132986
-1052.7667743613806	-156.36868500686035
-1055.4002783847893	-156.36868500686035
-1055.4002783847893	-155.49085033239052
-1056.278113059259	-154.613015657921
-1058.911617082668	-154.613015657921
-1058.911617082668	-153.73518098345116
-1059.7894517571376	-152.85734630898165
-1062.4229557805468	-152.85734630898165
-1062.4229557805468	-151.97951163451216
-1063.300790455016	-151.1016769600423
-1065.9342944784253	-151.1016769600423
-1065.9342944784253	-150.2238422855728
-1066.8121291528948	-149.34600761110295
-1069.4456331763038	-149.34600761110295
-1069.4456331763038	-148.46817293663347
-1070.3234678507733	-147.59033826216395
-1072.9569718741823	-147.59033826216395
-1072.9569718741823	-146.7125035876941
-1073.8348065486518	-145.8346689132246
-1076.4683105720608	-145.8346689132246
-1076.4683105720608	-144.95683423875477
-1077.3461452465306	-144.07899956428525
-1079.9796492699395	-144.07899956428525
-1079.9796492699395	-143.20116488981574
-1080.857483944409	-142.3233302153459
-1083.490987967818	-142.3233302153459
-1083.490987967818	-141.44549554087638
-1084.3688226422878	-140.56766086640656
-1087.0023266656965	-140.56766086640656
-1087.0023266656965	-139.68982619193704
-1087.8801613401663	-138.81199151746753
-1088.7579960146359	-138.81199151746753
-1088.7579960146359	-137.93415684299768
-1089.6358306891054	-137.05632216852817
-1092.2693347125144	-137.05632216852817
-1092.2693347125144	-136.17848749405834
-1093.1471693869842	-135.30065281958883
-1094.0250040614537	-135.30065281958883
-1094.0250040614537	-134.42281814511932
-1094.9028387359233	-133.54498347064947
-1095.7806734103929	-133.54498347064947
-1095.7806734103929	-132.66714879617996
-1096.6585080848627	-131.78931412171013
-1097.5363427593322	-131.78931412171013
-1097.5363427593322	-130.91147944724062
-1098.4141774338018	-130.0336447727711
-1101.047681457211	-130.0336447727711
-1101.047681457211	-129.15581009830126
-1101.9255161316805	-128.27797542383178
-1102.80335080615	-128.27797542383178
-1102.80335080615	-127.40014074936194
-1103.6811854806197	-126.52230607489243
-1104.5590201550895	-126.52230607489243
-1104.5590201550895	-125.64447140042292
-1105.436854829559	-124.76663672595308
-1106.3146895040288	-124.76663672595308
-1106.3146895040288	-123.88880205148357
-1107.1925241784982	-123.01096737701373
-1108.070358852968	-123.01096737701373
-1108.070358852968	-122.13313270254422
-1108.9481935274375	-121.2552980280747
-1109.8260282019073	-121.2552980280747
-1109.8260282019073	-120.37746335360487
-1110.703862876377	-119.49962867913536
-1111.5816975508465	-119.49962867913536
-1111.5816975508465	-118.62179400466552
-1112.459532225316	-117.743959330196
-1113.3373668997858	-117.743959330196
-1113.3373668997858	-116.86612465572651
-1114.2152015742554	-115.98828998125666
-1115.0930362487252	-115.98828998125666
-1115.0930362487252	-115.11045530678716
-1115.9708709231948	-114.2326206323173
-1116.8487055976643	-114.2326206323173
-1116.8487055976643	-113.35478595784781
-1117.7265402721341	-112.4769512833783
-1119.4822096210733	-112.4769512833783
-1119.4822096210733	-111.59911660890845
-1120.3600442955428	-110.72128193443895
-1121.2378789700126	-110.72128193443895
-1121.2378789700126	-109.8434472599691
-1122.1157136444822	-108.9656125854996
-1122.993548318952	-108.9656125854996
-1122.993548318952	-106.33210856209074
-1123.8713829934215	-105.4542738876209
-1124.7492176678911	-105.4542738876209
-1124.7492176678911	-104.57643921315139
-1125.6270523423607	-103.69860453868188
-1126.5048870168305	-103.69860453868188
-1126.5048870168305	-102.82076986421204
-1127.3827216913	-101.94293518974253
-1128.2605563657698	-101.94293518974253
-1128.2605563657698	-101.06510051527269
-1129.1383910402392	-100.18726584080318
-1130.016225714709	-100.18726584080318
-1130.016225714709	-99.30943116633367
-1130.8940603891785	-98.43159649186383
-1131.7718950636483	-98.43159649186383
-1131.7718950636483	-95.79809246845497
-1132.649729738118	-94.92025779398546
-1133.5275644125875	-94.92025779398546
-1133.5275644125875	-94.04242311951562
-1134.4053990870573	-93.1645884450461
-1135.2832337615268	-93.1645884450461
-1135.2832337615268	-92.28675377057627
-1136.1610684359964	-91.40891909610676
-1137.0389031104662	-91.40891909610676
-1137.0389031104662	-88.77541507269791
-1137.9167377849358	-87.89758039822806
-1138.7945724594053	-87.89758039822806
-1138.7945724594053	-87.01974572375856
-1139.6724071338751	-86.14191104928905
-1140.5502418083447	-86.14191104928905
-1140.5502418083447	-85.26407637481921
-1141.4280764828145	-84.3862417003497
-1142.3059111572838	-84.3862417003497
-1142.3059111572838	-83.50840702587986
-1143.1837458317536	-82.63057235141035
-1144.0615805062232	-82.63057235141035
-1144.0615805062232	-81.75273767694084
-1144.939415180693	-80.874903002471
-1145.8172498551626	-80.874903002471
-1145.8172498551626	-79.99706832800149
-1146.6950845296321	-79.11923365353165
-1147.5729192041017	-79.11923365353165
-1147.5729192041017	-76.48572963012279
-1148.4507538785715	-75.60789495565328
-1149.328588553041	-75.60789495565328
-1149.328588553041	-74.73006028118344
-1150.2064232275109	-73.85222560671393
-1151.0842579019804	-73.85222560671393
-1151.0842579019804	-72.97439093224442
-1151.96209257645	-72.09655625777458
-1152.8399272509196	-72.09655625777458
-1152.8399272509196	-71.21872158330507
-1153.7177619253894	-70.34088690883523
-1154.595596599859	-70.34088690883523
-1154.595596599859	-69.46305223436572
-1155.4734312743285	-68.58521755989621
-1156.3512659487983	-68.58521755989621
-1156.3512659487983	-65.95171353648702
-1157.2291006232679	-65.07387886201751
-1158.1069352977377	-65.07387886201751
-1158.1069352977377	-62.440374838608655
-1158.9847699722072	-61.56254016413882
-1159.8626046466768	-61.56254016413882
-1159.8626046466768	-48.39502004709419
-1158.9847699722072	-48.39502004709419
-1158.1069352977377	-47.51718537262468
-1158.1069352977377	-37.861003953458756
-1158.9847699722072	-36.98316927898892
-1159.8626046466768	-36.98316927898892
-1159.8626046466768	-34.34966525558006
-1160.7404393211464	-33.47183058111055
-1161.6182739956162	-33.47183058111055
-1161.6182739956162	-32.59399590664071
-1162.4961086700857	-31.7161612321712
-1165.1296126934947	-31.7161612321712
-1165.1296126934947	-30.838326557701357
-1166.0074473679642	-29.96049188323185
-1166.885282042434	-29.96049188323185
-1166.885282042434	-29.082657208762342
-1167.7631167169036	-28.2048225342925
-1168.6409513913732	-28.2048225342925
-1168.6409513913732	-27.326987859822992
-1169.5187860658427	-26.44915318535315
-1170.3966207403125	-26.44915318535315
-1170.3966207403125	-25.571318510883643
-1171.274455414782	-24.693483836414135
-1172.152290089252	-24.693483836414135
-1172.152290089252	-23.815649161944293
-1173.0301247637215	-22.937814487474785
-1173.907959438191	-22.937814487474785
-1173.907959438191	-20.304310464065924
-1174.7857941126608	-19.426475789596083
-1175.6636287871304	-19.426475789596083
-1175.6636287871304	-14.159467742778366
-1176.5414634616	-13.281633068308524
-1177.4192981360695	-13.281633068308524
-1177.4192981360695	-0.11411295126390063
-1178.2971328105393	0.7637217232056079
-1179.174967485009	0.7637217232056079
-1179.174967485009	6.908564444493166
-1180.0528021594787	7.786399118962675
-1180.9306368339483	7.786399118962675
-1180.9306368339483	13.931241840250232
-1181.8084715084178	14.809076514719742
-1182.6863061828874	14.809076514719742
-1182.6863061828874	57.822975563732314
-1181.8084715084178	57.822975563732314
-1180.9306368339483	58.70081023820182
-1180.9306368339483	61.33431426161101
-1180.0528021594787	61.33431426161101
-1179.174967485009	62.21214893608052
-1179.174967485009	64.84565295948937
-1178.2971328105393	64.84565295948937
-1177.4192981360695	65.72348763395922
-1177.4192981360695	66.60132230842872
-1176.5414634616	66.60132230842872
-1175.6636287871304	67.47915698289823
-1175.6636287871304	70.11266100630742
-1174.7857941126608	70.11266100630742
-1173.907959438191	70.99049568077693
-1173.907959438191	78.89100775100384
-1174.7857941126608	79.76884242547335
-1175.6636287871304	79.76884242547335
-1175.6636287871304	82.40234644888221
-1176.5414634616	83.28018112335205
-1177.4192981360695	83.28018112335205
-1177.4192981360695	84.15801579782156
-1178.2971328105393	85.03585047229107
-1179.174967485009	85.03585047229107
-1179.174967485009	87.66935449570026
-1180.0528021594787	88.54718917016977
-1180.9306368339483	88.54718917016977
-1180.9306368339483	101.71470928721439
-1180.0528021594787	101.71470928721439
-1179.174967485009	102.5925439616839
-1179.174967485009	108.73738668297146
-1178.2971328105393	108.73738668297146
-1177.4192981360695	109.6152213574413
-1177.4192981360695	122.78274147448592
-1176.5414634616	122.78274147448592
-1175.6636287871304	123.66057614895543
-1175.6636287871304	131.56108821918235
-1174.7857941126608	131.56108821918235
-1173.907959438191	132.43892289365186
-1173.907959438191	138.5837656149394
-1173.0301247637215	138.5837656149394
-1172.152290089252	139.46160028940892
-1172.152290089252	145.6064430106965
-1171.274455414782	145.6064430106965
-1170.3966207403125	146.484277685166
-1170.3966207403125	152.62912040645355
-1169.5187860658427	152.62912040645355
-1168.6409513913732	153.5069550809234
-1168.6409513913732	157.89612845327161
-1167.7631167169036	157.89612845327161
-1166.885282042434	158.7739631277411
-1166.885282042434	161.40746715114997
-1166.0074473679642	161.40746715114997
-1165.1296126934947	162.2853018256198
-1165.1296126934947	164.91880584902867
-1164.2517780190249	164.91880584902867
-1163.3739433445555	165.79664052349818
-1163.3739433445555	166.674475197968
-1162.4961086700857	166.674475197968
-1161.6182739956162	167.55230987243752
-1161.6182739956162	168.43014454690703
-1158.9847699722072	168.43014454690703
-1158.1069352977377	169.30797922137688
-1158.1069352977377	170.1858138958464
-1144.939415180693	170.1858138958464
-1144.0615805062232	171.06364857031622
-1144.0615805062232	171.94148324478573
-1141.4280764828145	171.94148324478573
-1140.5502418083447	172.81931791925524
-1140.5502418083447	173.6971525937251
-1139.6724071338751	173.6971525937251
-1138.7945724594053	174.5749872681946
-1138.7945724594053	176.33065661713394
-1137.9167377849358	176.33065661713394
-1137.0389031104662	177.20849129160345
-1137.0389031104662	178.0863259660733
-1136.1610684359964	178.0863259660733
-1135.2832337615268	178.9641606405428
-1135.2832337615268	181.59766466395166
-1134.4053990870573	181.59766466395166
-1133.5275644125875	182.47549933842149
-1133.5275644125875	186.8646727107697
-1132.649729738118	186.8646727107697
-1131.7718950636483	187.7425073852392
-1131.7718950636483	192.13168075758742
-1130.8940603891785	192.13168075758742
-1130.016225714709	193.00951543205727
-1130.016225714709	197.39868880440548
-1129.1383910402392	197.39868880440548
-1128.2605563657698	198.276523478875
-1128.2605563657698	202.6656968512232
-1127.3827216913	202.6656968512232
-1126.5048870168305	203.54353152569269
-1126.5048870168305	207.9327048980409
-1125.6270523423607	207.9327048980409
-1124.7492176678911	208.81053957251075
-1124.7492176678911	216.71105164273732
-1123.8713829934215	216.71105164273732
-1122.993548318952	217.58888631720717
-1122.993548318952	229.00073708531244
-1122.1157136444822	229.00073708531244
-1121.2378789700126	229.87857175978195
-1121.2378789700126	236.0234144810695
-1120.3600442955428	236.0234144810695
-1119.4822096210733	236.90124915553935
-1119.4822096210733	243.04609187682658
-1117.7265402721341	243.04609187682658
-1116.8487055976643	243.9239265512964
-1116.8487055976643	246.55743057470528
-1115.9708709231948	246.55743057470528
-1115.0930362487252	247.4352652491748
-1115.0930362487252	250.06876927258398
-1114.2152015742554	250.06876927258398
-1113.3373668997858	250.9466039470535
-1113.3373668997858	251.824438621523
-1112.459532225316	251.824438621523
-1111.5816975508465	252.70227329599282
-1111.5816975508465	255.3357773194017
-1110.703862876377	255.3357773194017
-1109.8260282019073	256.21361199387115
-1109.8260282019073	258.84711601728037
-1108.9481935274375	258.84711601728037
-1108.070358852968	259.7249506917499
-1108.070358852968	260.6027853662194
-1107.1925241784982	260.6027853662194
-1106.3146895040288	261.4806200406892
-1106.3146895040288	262.3584547151587
-1105.436854829559	262.3584547151587
-1104.5590201550895	263.23628938962855
-1104.5590201550895	264.11412406409806
-1103.6811854806197	264.11412406409806
-1102.80335080615	264.9919587385676
-1102.80335080615	267.6254627619768
-1100.1698467827412	267.6254627619768
-1099.2920121082716	268.5032974364463
-1099.2920121082716	269.3811321109158
-1098.4141774338018	269.3811321109158
-1097.5363427593322	270.2589667853856
-1097.5363427593322	271.1368014598551
-1096.6585080848627	271.1368014598551
-1095.7806734103929	272.014636134325
-1095.7806734103929	272.8924708087945
-1094.9028387359233	272.8924708087945
-1094.0250040614537	273.770305483264
-1094.0250040614537	274.64814015773385
-1093.1471693869842	274.64814015773385
-1092.2693347125144	275.52597483220336
-1092.2693347125144	276.4038095066732
-1091.3915000380448	276.4038095066732
-1090.513665363575	277.2816441811427
-1090.513665363575	278.15947885561224
-1089.6358306891054	278.15947885561224
-1088.7579960146359	279.03731353008203
-1088.7579960146359	279.91514820455154
-1087.8801613401663	279.91514820455154
-1087.0023266656965	280.7929828790214
-1087.0023266656965	283.42648690243027
-1086.124491991227	283.42648690243027
-1085.2466573167571	284.3043215768998
-1085.2466573167571	285.18215625136963
-1084.3688226422878	285.18215625136963
-1083.490987967818	286.0599909258391
-1083.490987967818	286.9378256003086
-1082.6131532933484	286.9378256003086
-1081.7353186188786	287.81566027477845
-1081.7353186188786	290.4491642981873
-1080.857483944409	290.4491642981873
-1079.9796492699395	291.32699897265684
-1079.9796492699395	292.2048336471267
-1077.3461452465306	292.2048336471267
-1076.4683105720608	293.0826683215962
-1076.4683105720608	293.960502996066
-1075.5904758975912	293.960502996066
-1074.7126412231216	294.8383376705355
-1074.7126412231216	295.716172345005
-1073.8348065486518	295.716172345005
-1072.9569718741823	296.5940070194749
-1072.9569718741823	297.4718416939444
-1072.0791371997125	297.4718416939444
-1071.2013025252431	298.34967636841424
-1071.2013025252431	299.22751104288375
-1068.567798501834	299.22751104288375
-1067.6899638273644	300.10534571735326
-1067.6899638273644	300.9831803918231
-1066.8121291528948	300.9831803918231
-1065.9342944784253	301.8610150662926
-1065.9342944784253	302.7388497407624
-1063.300790455016	302.7388497407624
-1062.4229557805468	303.61668441523193
-1062.4229557805468	304.49451908970144
-1061.545121106077	304.49451908970144
-1060.6672864316074	305.3723537641713
-1060.6672864316074	306.2501884386408
-1059.7894517571376	306.2501884386408
-1058.911617082668	307.12802311311066
-1058.911617082668	308.00585778758017
-1058.0337824081985	308.00585778758017
-1057.1559477337287	308.8836924620497
-1057.1559477337287	309.76152713651953
-1056.278113059259	309.76152713651953
-1055.4002783847893	310.639361810989
-1055.4002783847893	311.51719648545884
-1054.5224437103197	311.51719648545884
-1053.6446090358502	312.39503115992835
-1053.6446090358502	313.27286583439786
-1052.7667743613806	313.27286583439786
-1051.8889396869108	314.1507005088677
-1051.8889396869108	315.0285351833372
-1051.0111050124412	315.0285351833372
-1050.1332703379715	315.9063698578071
-1050.1332703379715	316.7842045322766
-1049.255435663502	316.7842045322766
-1048.3776009890323	317.6620392067461
-1048.3776009890323	318.5398738812159
-1047.4997663145627	318.5398738812159
-1046.621931640093	319.4177085556854
-1046.621931640093	320.29554323015526
-1043.9884276166842	320.29554323015526
-1043.1105929422145	321.1733779046248
-1043.1105929422145	322.0512125790943
-1042.2327582677449	322.0512125790943
-1041.354923593275	322.92904725356414
-1041.354923593275	323.80688192803365
-1038.7214195698664	323.80688192803365
-1037.8435848953966	324.6847166025035
-1037.8435848953966	325.562551276973
-1035.2100808719877	325.562551276973
-1034.332246197518	326.4403859514425
-1034.332246197518	327.3182206259123
-1031.6987421741092	327.3182206259123
-1030.8209074996396	328.19605530038183
-1030.8209074996396	329.0738899748517
-1029.9430728251698	329.0738899748517
-1029.0652381507002	329.9517246493212
-1029.0652381507002	330.8295593237907
-1026.4317341272913	330.8295593237907
-1025.5538994528217	331.70739399826056
-1025.5538994528217	332.58522867273007
-1022.9203954294128	332.58522867273007
-1022.0425607549431	333.4630633471999
-1022.0425607549431	334.3408980216694
-1021.1647260804734	334.3408980216694
-1020.2868914060037	335.2187326961389
-1020.2868914060037	336.09656737060874
-1017.6533873825949	336.09656737060874
-1016.7755527081252	336.97440204507825
-1016.7755527081252	337.8522367195481
-1014.1420486847164	337.8522367195481
-1013.2642140102467	338.7300713940176
-1013.2642140102467	339.6079060684871
-1010.6307099868377	339.6079060684871
-1009.7528753123681	340.485740742957
-1009.7528753123681	341.3635754174265
-1008.8750406378985	341.3635754174265
-1007.9972059634288	342.2414100918963
-1007.9972059634288	343.1192447663658
-1003.6080325910806	343.1192447663658
-1002.7301979166109	343.9970794408353
-1002.7301979166109	344.87491411530516
-1000.0966938932021	344.87491411530516
-999.2188592187324	345.75274878977467
-999.2188592187324	346.6305834642445
-993.0740164974449	346.6305834642445
-992.1961818229753	347.50841813871403
-992.1961818229753	348.38625281318355
-986.0513391016877	348.38625281318355
-985.1735044272181	349.2640874876534
-985.1735044272181	350.1419221621229
-980.7843310548699	350.1419221621229
-979.9064963804002	351.0197568365927
-979.9064963804002	351.8975915110622
-975.517323008052	351.8975915110622
-974.6394883335824	352.7754261855317
-974.6394883335824	353.6532608600016
-970.2503149612343	353.6532608600016
-969.3724802867646	354.5310955344711
-969.3724802867646	355.40893020894094
-959.7162988675985	355.40893020894094
-958.8384641931289	356.28676488341046
-958.8384641931289	357.16459955787997
-950.9379521229021	357.16459955787997
-950.0601174484324	358.0424342323498
-950.0601174484324	358.9202689068193
-945.6709440760842	358.9202689068193
-944.7931094016145	359.7981035812891
-944.7931094016145	360.67593825575864
-938.6482666803272	360.67593825575864
-937.7704320058575	361.55377293022815
-937.7704320058575	362.431607604698
-926.3585812377522	362.431607604698
-925.4807465632825	363.3094422791675
-925.4807465632825	364.18727695363737
-895.6343676313147	364.18727695363737
-895.6343676313147	363.3094422791675
-894.756532956845	362.431607604698
-883.3446821887396	362.431607604698
-883.3446821887396	361.55377293022815
-882.4668475142702	360.67593825575864
-874.5663354440433	360.67593825575864
-874.5663354440433	359.7981035812891
-873.6885007695737	358.9202689068193
-869.2993273972255	358.9202689068193
-869.2993273972255	358.0424342323498
-868.4214927227558	357.16459955787997
-862.2766500014683	357.16459955787997
-862.2766500014683	356.28676488341046
-861.3988153269986	355.40893020894094
-857.0096419546504	355.40893020894094
-857.0096419546504	354.5310955344711
-856.1318072801809	353.6532608600016
-853.4983032567718	353.6532608600016
-853.4983032567718	352.7754261855317
-852.6204685823022	351.8975915110622
-848.2312952099542	351.8975915110622
-848.2312952099542	351.0197568365927
-847.3534605354845	350.1419221621229
-844.7199565120754	350.1419221621229
-844.7199565120754	349.2640874876534
-843.842121837606	348.38625281318355
-841.2086178141969	348.38625281318355
-841.2086178141969	347.50841813871403
-840.3307831397273	346.6305834642445
-837.6972791163183	346.6305834642445
-837.6972791163183	345.75274878977467
-836.8194444418486	344.87491411530516
-832.4302710695005	344.87491411530516
-832.4302710695005	343.9970794408353
-831.5524363950308	343.1192447663658
-828.918932371622	343.1192447663658
-828.918932371622	342.2414100918963
-828.0410976971523	341.3635754174265
-823.6519243248041	341.3635754174265
-823.6519243248041	340.485740742957
-822.7740896503344	339.6079060684871
-818.3849162779862	339.6079060684871
-818.3849162779862	338.7300713940176
-817.5070816035167	337.8522367195481
-814.8735775801076	337.8522367195481
-814.8735775801076	336.97440204507825
-813.9957429056379	336.09656737060874
-811.3622388822291	336.09656737060874
-811.3622388822291	335.2187326961389
-810.4844042077594	334.3408980216694
-807.8509001843506	334.3408980216694
-807.8509001843506	333.4630633471999
-806.9730655098809	332.58522867273007
-804.339561486472	332.58522867273007
-804.339561486472	331.70739399826056
-803.4617268120024	330.8295593237907
-802.5838921375328	330.8295593237907
-802.5838921375328	329.9517246493212
-801.7060574630631	329.0738899748517
-800.8282227885934	329.0738899748517
-800.8282227885934	328.19605530038183
-799.9503881141238	327.3182206259123
-799.0725534396541	327.3182206259123
-799.0725534396541	326.4403859514425
-798.1947187651845	325.562551276973
-797.3168840907148	325.562551276973
-797.3168840907148	324.6847166025035
-796.4390494162451	323.80688192803365
-795.5612147417756	323.80688192803365
-795.5612147417756	322.92904725356414
-794.683380067306	322.0512125790943
-793.8055453928363	322.0512125790943
-793.8055453928363	321.1733779046248
-792.9277107183666	320.29554323015526
-792.0498760438969	320.29554323015526
-792.0498760438969	319.4177085556854
-791.1720413694275	318.5398738812159
-790.2942066949578	318.5398738812159
-790.2942066949578	317.6620392067461
-789.4163720204881	316.7842045322766
-788.5385373460184	316.7842045322766
-788.5385373460184	314.1507005088677
-787.6607026715487	313.27286583439786
-785.0271986481399	313.27286583439786
-785.0271986481399	312.39503115992835
-784.1493639736702	311.51719648545884
-783.2715292992006	311.51719648545884
-783.2715292992006	310.639361810989
-782.393694624731	309.76152713651953
-781.5158599502613	309.76152713651953
-781.5158599502613	308.8836924620497
-780.6380252757916	308.00585778758017
-779.760190601322	308.00585778758017
-779.760190601322	307.12802311311066
-778.8823559268524	306.2501884386408
-776.2488519034434	306.2501884386408
-776.2488519034434	305.3723537641713
-775.3710172289738	304.49451908970144
-772.7375132055649	304.49451908970144
-772.7375132055649	303.61668441523193
-771.8596785310953	302.7388497407624
-769.2261745076864	302.7388497407624
-769.2261745076864	301.8610150662926
-768.3483398332168	300.9831803918231
-765.7148358098077	300.9831803918231
-765.7148358098077	300.10534571735326
-764.8370011353381	299.22751104288375
-762.2034971119292	299.22751104288375
-762.2034971119292	298.34967636841424
-761.3256624374595	297.4718416939444
-760.44782776299	297.4718416939444
-760.44782776299	296.5940070194749
-759.5699930885203	295.716172345005
-756.9364890651112	295.716172345005
-756.9364890651112	294.8383376705355
-756.0586543906418	293.960502996066
-755.1808197161721	293.960502996066
-755.1808197161721	293.0826683215962
-754.3029850417024	292.2048336471267
-753.4251503672327	292.2048336471267
-753.4251503672327	291.32699897265684
-752.547315692763	290.4491642981873
-751.6694810182936	290.4491642981873
-751.6694810182936	289.5713296237178
-750.7916463438239	288.69349494924796
-749.9138116693542	288.69349494924796
-749.9138116693542	287.81566027477845
-749.0359769948845	286.9378256003086
-748.1581423204149	286.9378256003086
-748.1581423204149	286.0599909258391
-747.2803076459454	285.18215625136963
-746.4024729714757	285.18215625136963
-746.4024729714757	282.5486522279604
-745.524638297006	281.6708175534909
-744.6468036225364	281.6708175534909
-744.6468036225364	280.7929828790214
-743.7689689480667	279.91514820455154
-742.8911342735971	279.91514820455154
-742.8911342735971	279.03731353008203
-742.0132995991274	278.15947885561224
-741.1354649246578	278.15947885561224
-741.1354649246578	277.2816441811427
-740.2576302501881	276.4038095066732
-739.3797955757185	276.4038095066732
-739.3797955757185	273.770305483264
-738.5019609012489	272.8924708087945
-737.6241262267793	272.8924708087945
-737.6241262267793	268.5032974364463
-736.7462915523096	267.6254627619768
-735.8684568778399	267.6254627619768
-735.8684568778399	263.23628938962855
-734.9906222033702	262.3584547151587
-734.1127875289008	262.3584547151587
-734.1127875289008	261.4806200406892
-733.2349528544311	260.6027853662194
-732.3571181799614	260.6027853662194
-732.3571181799614	257.9692813428105
-731.4792835054917	257.091446668341
-730.601448831022	257.091446668341
-730.601448831022	256.21361199387115
-729.7236141565526	255.3357773194017
-728.8457794820829	255.3357773194017
-728.8457794820829	254.4579426449322
-727.9679448076132	253.58010797046234
-726.2122754586738	253.58010797046234
-726.2122754586738	252.70227329599282
-725.3344407842043	251.824438621523
-722.7009367607953	251.824438621523
-722.7009367607953	250.9466039470535
-721.8231020863257	250.06876927258398
-720.9452674118561	250.06876927258398
-720.9452674118561	249.19093459811413
-720.0674327373864	248.31309992364461
-719.1895980629167	248.31309992364461
-719.1895980629167	247.4352652491748
-718.311763388447	246.55743057470528
-717.4339287139774	246.55743057470528
-717.4339287139774	245.67959590023577
-716.5560940395079	244.80176122576592
-715.6782593650382	244.80176122576592
-715.6782593650382	243.9239265512964
-714.8004246905685	243.04609187682658
-713.9225900160989	243.04609187682658
-713.9225900160989	242.16825720235707
-713.0447553416292	241.29042252788756
-710.4112513182204	241.29042252788756
-710.4112513182204	240.4125878534177
-709.5334166437507	239.5347531789482
-708.655581969281	239.5347531789482
-708.655581969281	238.65691850447837
-707.7777472948114	237.77908383000886
-706.8999126203419	237.77908383000886
-706.8999126203419	236.90124915553935
-706.0220779458722	236.0234144810695
-705.1442432714025	236.0234144810695
-705.1442432714025	235.14557980659998
-704.2664085969328	234.26774513213016
-703.3885739224633	234.26774513213016
-703.3885739224633	231.63424110872128
-702.5107392479936	230.7564064342518
-701.6329045735239	230.7564064342518
-701.6329045735239	229.87857175978195
-700.7550698990542	229.00073708531244
-699.8772352245845	229.00073708531244
-699.8772352245845	228.12290241084293
-698.9994005501151	227.2450677363731
-698.1215658756453	227.2450677363731
-698.1215658756453	226.3672330619036
-697.2437312011757	225.48939838743374
-696.3658965267063	225.48939838743374
-696.3658965267063	224.61156371296423
-695.4880618522363	223.73372903849472
-694.6102271777669	223.73372903849472
-694.6102271777669	222.8558943640249
-693.732392503297	221.97805968955538
-692.8545578288275	221.97805968955538
-692.8545578288275	221.10022501508553
-691.976723154358	220.22239034061602
-691.0988884798882	220.22239034061602
-691.0988884798882	219.3445556661465
-690.2210538054187	218.46672099167668
-689.3432191309488	218.46672099167668
-689.3432191309488	215.8332169682678
-688.4653844564793	214.9553822937983
-687.5875497820098	214.9553822937983
-687.5875497820098	212.3218782703891
-686.70971510754	211.4440435959196
-685.8318804330704	211.4440435959196
-685.8318804330704	207.05487022357138
-684.9540457586006	206.1770355491019
-684.076211084131	206.1770355491019
-684.076211084131	203.54353152569269
-683.1983764096616	202.6656968512232
-682.3205417351918	202.6656968512232
-682.3205417351918	193.00951543205727
-681.4427070607222	192.13168075758742
-680.5648723862524	192.13168075758742
-680.5648723862524	185.98683803629987
-679.6870377117829	185.10900336183036
-678.8092030373134	185.10900336183036
-678.8092030373134	167.55230987243752
-677.9313683628435	166.674475197968
-677.053533688374	166.674475197968
-677.053533688374	162.2853018256198
-676.1756990139041	161.40746715114997
-675.2978643394347	161.40746715114997
-675.2978643394347	118.39356810213772
-676.1756990139041	118.39356810213772
-677.053533688374	117.51573342766787
-677.053533688374	109.6152213574413
-677.9313683628435	109.6152213574413
-678.8092030373134	108.73738668297146
-678.8092030373134	102.5925439616839
-679.6870377117829	102.5925439616839
-680.5648723862524	101.71470928721439
-680.5648723862524	93.81419721698748
-681.4427070607222	93.81419721698748
-682.3205417351918	92.93636254251797
-682.3205417351918	88.54718917016977
-683.1983764096616	88.54718917016977
-684.076211084131	87.66935449570026
-684.076211084131	81.5245117744127
-684.9540457586006	81.5245117744127
-685.8318804330704	80.64667709994286
-685.8318804330704	76.25750372759465
-686.70971510754	76.25750372759465
-687.5875497820098	75.37966905312514
-687.5875497820098	67.47915698289823
-688.4653844564793	67.47915698289823
-689.3432191309488	66.60132230842872
-689.3432191309488	56.9451408892628
-690.2210538054187	56.9451408892628
-691.0988884798882	56.067306214792964
-691.0988884798882	39.38844739986997
-690.2210538054187	38.51061272540013
-689.3432191309488	38.51061272540013
-689.3432191309488	28.854431306234204
-690.2210538054187	28.854431306234204
-691.0988884798882	27.976596631764362
-691.0988884798882	25.343092608355505
-691.976723154358	25.343092608355505
-692.8545578288275	24.465257933885997
-692.8545578288275	21.831753910477136
-693.732392503297	21.831753910477136
-694.6102271777669	20.953919236007298
-694.6102271777669	20.076084561537787
-695.4880618522363	20.076084561537787
-696.3658965267063	19.19824988706795
-696.3658965267063	16.564745863659088
-697.2437312011757	16.564745863659088
-698.1215658756453	15.686911189189582
-698.1215658756453	14.809076514719742
-698.9994005501151	14.809076514719742
-699.8772352245845	13.931241840250232
-699.8772352245845	11.297737816841375
-700.7550698990542	11.297737816841375
-701.6329045735239	10.419903142371533
-701.6329045735239	7.786399118962675
-702.5107392479936	7.786399118962675
-703.3885739224633	6.908564444493166
-703.3885739224633	4.275060421084308
-704.2664085969328	4.275060421084308
-705.1442432714025	3.3972257466144664
-705.1442432714025	-6.258955672551458
-704.2664085969328	-7.136790347021299
-703.3885739224633	-7.136790347021299
-703.3885739224633	-9.770294370430157
-702.5107392479936	-10.648129044899667
-701.6329045735239	-10.648129044899667
-701.6329045735239	-15.037302417247874
-700.7550698990542	-15.915137091717716
-699.8772352245845	-15.915137091717716
-699.8772352245845	-31.7161612321712
-700.7550698990542	-31.7161612321712
-701.6329045735239	-32.59399590664071
-701.6329045735239	-35.22749993004957
-702.5107392479936	-35.22749993004957
-703.3885739224633	-36.105334604519406
-703.3885739224633	-36.98316927898892
-704.2664085969328	-36.98316927898892
-705.1442432714025	-37.861003953458756
-705.1442432714025	-38.73883862792827
-706.0220779458722	-38.73883862792827
-706.8999126203419	-39.61667330239777
-706.8999126203419	-40.49450797686762
-707.7777472948114	-40.49450797686762
-708.655581969281	-41.37234265133712
-708.655581969281	-42.250177325806966
-709.5334166437507	-42.250177325806966
-710.4112513182204	-43.12801200027648
-710.4112513182204	-44.00584667474598
-711.28908599269	-44.00584667474598
-712.1669206671597	-44.88368134921583
-712.1669206671597	-45.76151602368533
-713.0447553416292	-45.76151602368533
-713.9225900160989	-46.63935069815518
-713.9225900160989	-49.27285472156403
-714.8004246905685	-49.27285472156403
-715.6782593650382	-50.15068939603354
-715.6782593650382	-51.02852407050338
-716.5560940395079	-51.02852407050338
-717.4339287139774	-51.90635874497289
-717.4339287139774	-54.539862768381745
-718.311763388447	-54.539862768381745
-719.1895980629167	-55.41769744285159
-719.1895980629167	-58.05120146626045
-720.0674327373864	-58.05120146626045
-720.9452674118561	-58.929036140729956
-720.9452674118561	-63.318209513078166
-721.8231020863257	-63.318209513078166
-722.7009367607953	-64.19604418754801
-722.7009367607953	-66.82954821095686
-723.5787714352649	-66.82954821095686
-724.4566061097346	-67.70738288542637
-724.4566061097346	-72.09655625777458
-725.3344407842043	-72.09655625777458
-726.2122754586738	-72.97439093224442
-726.2122754586738	-75.60789495565328
-727.9679448076132	-75.60789495565328
-728.8457794820829	-76.48572963012279
-728.8457794820829	-87.89758039822806
-729.7236141565526	-87.89758039822806
-730.601448831022	-88.77541507269791
-730.601448831022	-96.67592714292448
-731.4792835054917	-96.67592714292448
-732.3571181799614	-97.55376181739432
-732.3571181799614	-101.94293518974253
-733.2349528544311	-101.94293518974253
-734.1127875289008	-102.82076986421204
-734.1127875289008	-105.4542738876209
-734.9906222033702	-105.4542738876209
-735.8684568778399	-106.33210856209074
-735.8684568778399	-107.20994323656025
-736.7462915523096	-107.20994323656025
-737.6241262267793	-108.08777791103009
-737.6241262267793	-108.9656125854996
-738.5019609012489	-108.9656125854996
-739.3797955757185	-109.8434472599691
-739.3797955757185	-110.72128193443895
-740.2576302501881	-110.72128193443895
-741.1354649246578	-111.59911660890845
-741.1354649246578	-112.4769512833783
-743.7689689480667	-112.4769512833783
-744.6468036225364	-113.35478595784781
-744.6468036225364	-114.2326206323173
-745.524638297006	-114.2326206323173
-746.4024729714757	-115.11045530678716
-746.4024729714757	-115.98828998125666
-749.0359769948845	-115.98828998125666
-749.9138116693542	-116.86612465572651
-749.9138116693542	-117.743959330196
-754.3029850417024	-117.743959330196
-755.1808197161721	-118.62179400466552
-755.1808197161721	-119.49962867913536
-759.5699930885203	-119.49962867913536
-760.44782776299	-120.37746335360487
-760.44782776299	-121.2552980280747
-763.0813317863989	-121.2552980280747
-763.9591664608685	-122.13313270254422
-763.9591664608685	-123.01096737701373
-766.5926704842774	-123.01096737701373
-767.4705051587471	-123.88880205148357
-767.4705051587471	-124.76663672595308
-768.3483398332168	-124.76663672595308
-769.2261745076864	-125.64447140042292
-769.2261745076864	-126.52230607489243
-770.1040091821559	-126.52230607489243
-770.9818438566256	-127.40014074936194
-770.9818438566256	-128.27797542383178
-771.8596785310953	-128.27797542383178
-772.7375132055649	-129.15581009830126
-772.7375132055649	-131.78931412171013
-773.6153478800346	-131.78931412171013
-774.4931825545041	-132.66714879617996
-774.4931825545041	-135.30065281958883
-775.3710172289738	-135.30065281958883
-776.2488519034434	-136.17848749405834
-776.2488519034434	-138.81199151746753
-777.1266865779131	-138.81199151746753
-778.0045212523828	-139.68982619193704
-778.0045212523828	-140.56766086640656
-778.8823559268524	-140.56766086640656
-779.760190601322	-141.44549554087638
-779.760190601322	-142.3233302153459
-780.6380252757916	-142.3233302153459
-781.5158599502613	-143.20116488981574
-781.5158599502613	-144.07899956428525
-782.393694624731	-144.07899956428525
-783.2715292992006	-144.95683423875477
-783.2715292992006	-145.8346689132246
-785.9050333226096	-145.8346689132246
-786.7828679970793	-146.7125035876941
-786.7828679970793	-147.59033826216395
-789.4163720204881	-147.59033826216395
-790.2942066949578	-148.46817293663347
-790.2942066949578	-149.34600761110295
-791.1720413694275	-149.34600761110295
-792.0498760438969	-150.2238422855728
-792.0498760438969	-151.1016769600423
-794.683380067306	-151.1016769600423
-795.5612147417756	-151.97951163451216
-795.5612147417756	-152.85734630898165
-798.1947187651845	-152.85734630898165
-799.0725534396541	-153.73518098345116
-799.0725534396541	-154.613015657921
-801.7060574630631	-154.613015657921
-802.5838921375328	-155.49085033239052
-802.5838921375328	-156.36868500686035
-805.2173961609416	-156.36868500686035
-806.0952308354113	-157.24651968132986
-806.0952308354113	-158.12435435579937
-810.4844042077594	-158.12435435579937
-811.3622388822291	-159.00218903026922
-811.3622388822291	-159.88002370473873
-813.9957429056379	-159.88002370473873
-814.8735775801076	-160.75785837920856
-814.8735775801076	-161.63569305367807
-819.2627509524559	-161.63569305367807
-820.1405856269256	-162.51352772814758
-820.1405856269256	-163.39136240261743
-824.5297589992738	-163.39136240261743
-825.4075936737435	-164.26919707708694
-825.4075936737435	-165.14703175155677
-828.0410976971523	-165.14703175155677
-828.918932371622	-166.02486642602628
-828.918932371622	-166.9027011004958
-831.5524363950308	-166.9027011004958
-832.4302710695005	-167.78053577496564
-832.4302710695005	-168.65837044943515
-833.3081057439701	-168.65837044943515
-834.1859404184398	-169.53620512390498
-834.1859404184398	-170.4140397983745
-835.0637750929095	-170.4140397983745
-835.9416097673791	-171.291874472844
-835.9416097673791	-172.16970914731385
-838.575113790788	-172.16970914731385
-839.4529484652577	-173.04754382178336
-839.4529484652577	-173.9253784962532
-840.3307831397273	-173.9253784962532
-841.2086178141969	-174.8032131707227
-841.2086178141969	-175.6810478451922
-843.842121837606	-175.6810478451922
-844.7199565120754	-176.55888251966206
-844.7199565120754	-177.43671719413155
-847.3534605354845	-177.43671719413155
-848.2312952099542	-178.3145518686014
-848.2312952099542	-179.1923865430709
-870.177162071695	-179.1923865430709
-870.177162071695	-178.3145518686014
-871.0549967461646	-177.43671719413155
-903.5348797015415	-177.43671719413155
-904.4127143760112	-178.3145518686014
-904.4127143760112	-179.1923865430709
-923.7250772143432	-179.1923865430709
-923.7250772143432	-178.3145518686014
-924.6029118888129	-177.43671719413155
-950.0601174484324	-177.43671719413155
-950.9379521229021	-178.3145518686014
-950.9379521229021	-179.1923865430709
-953.571456146311	-179.1923865430709
