%% Coordinates
129.40076646223247	-957.0406510823499
129.4023838708032	-956.1628178979174
128.5261680949413	-955.2833673049142
120.62566943504986	-955.2688106277777
120.62728684362057	-954.3909774433453
119.75107106775869	-953.5115268503421
113.60623877673179	-953.500204990347
113.60785618530251	-952.6223718059148
112.73164040944094	-951.7429212129117
103.07547538068462	-951.7251297186339
103.07709278925535	-950.8472965342014
102.20087701339347	-949.9678459411982
92.54471198463715	-949.9500544469203
92.54632939320786	-949.0722212624878
91.67011361734598	-948.1927706694847
85.52528132631939	-948.1814488094898
85.52689873489011	-947.3036156250573
84.65068295902822	-946.4241650320542
80.2615170368662	-946.4160779892006
80.26313444543692	-945.5382448047683
79.38691866957538	-944.6587942117651
76.75341911627822	-944.6539419860529
76.75503652484893	-943.7761088016206
75.87882074898707	-942.8966582086174
73.24532119568991	-942.8918059829052
73.24693860426062	-942.0139727984728
72.37072282839907	-941.1345222054696
69.73722327510158	-941.1296699797575
69.73884068367231	-940.2518367953251
68.86262490781074	-939.3723862023222
66.2291253545136	-939.36753397661
66.23074276308432	-938.4897007921776
65.35452698722244	-937.6102501991744
62.72102743392527	-937.6053979734622
62.722644842495995	-936.7275647890298
61.846429066634435	-935.8481141960266
59.212929513337286	-935.8432619703144
59.214546921908	-934.9654287858822
58.33833114604612	-934.085978192879
55.704831592748974	-934.0811259671668
55.70644900131969	-933.2032927827345
54.83023322545813	-932.3238421897313
51.31890048772838	-932.3173725554484
51.3205178962991	-931.4395393710159
50.44430212043755	-930.5600887780131
46.05513619827552	-930.5520017351595
46.056753606846236	-929.674168550727
45.180537830984356	-928.7947179577238
42.5470382776872	-928.7898657320117
42.54865568625792	-927.9120325475792
41.67243991039636	-927.032581954576
39.03894035709889	-927.0277297288638
39.040557765669604	-926.1498965444316
38.16434198980805	-925.2704459514284
35.53084243651091	-925.2655937257163
35.532459845081625	-924.3877605412838
34.65624406921973	-923.5083099482806
32.02274451592259	-923.5034577225684
32.02436192449331	-922.6256245381361
31.148146148631756	-921.7461739451331
30.270312964199153	-921.7445565365624
30.27193037276987	-920.86672335213
29.395714596908316	-919.9872727591269
28.517881412476044	-919.9856553505562
28.51949882104676	-919.1078221661237
27.643283045184873	-918.2283715731205
26.765449860752604	-918.2267541645498
26.767067269323324	-917.3489209801176
25.890851493461433	-916.4694703871144
25.013018309029164	-916.4678529785436
25.014635717599884	-915.5900197941112
24.138419941738327	-914.710569201108
21.504920388440844	-914.7057169753958
21.506537797011564	-913.8278837909635
20.63032202115001	-912.9484331979605
19.752488836717735	-912.9468157893898
19.754106245288455	-912.0689826049573
18.87789046942657	-911.1895320119542
14.488724547264546	-911.1814449691005
14.490341955835264	-910.3036117846681
13.614126179973713	-909.4241611916649
7.469293888946809	-909.4128393316699
7.470911297517527	-908.5350061472376
6.594695521655975	-907.6555555542345
2.2055295994939472	-907.6474685113809
2.2071470080646662	-906.7696353269484
1.3309312322027793	-905.8901847339454
-1.30256832109437	-905.8853325082332
-1.300950912523651	-905.0074993238007
-2.1771666883852046	-904.1280487307977
-4.810666241682687	-904.1231965050855
-4.809048833111968	-903.245363320653
-5.685264608973521	-902.3659127276499
-6.5630977934057935	-902.3642953190791
-6.561480384835075	-901.4864621346467
-7.4376961606969605	-900.6070115416436
-10.07119571399411	-900.6021593159315
-10.069578305423391	-899.7243261314993
-10.945794081284946	-898.8448755384961
-11.823627265717551	-898.8432581299254
-11.822009857146831	-897.9654249454929
-12.698225633008384	-897.0859743524898
-13.57605881744099	-897.084356943919
-13.574441408870271	-896.2065237594866
-14.450657184731824	-895.3270731664836
-15.328490369164097	-895.3254557579129
-15.326872960593377	-894.4476225734805
-16.203088736455264	-893.5681719804774
-17.080921920887537	-893.5665545719066
-17.07930451231682	-892.6887213874742
-17.955520288178704	-891.809270794471
-18.833353472610977	-891.8076533859003
-18.83173606404026	-890.9298202014679
-19.707951839901817	-890.0503696084648
-20.585785024334417	-890.0487521998941
-20.584167615763697	-889.1709190154617
-21.460383391625257	-888.2914684224586
-24.093882944922402	-888.2866161967464
-24.092265536351682	-887.408783012314
-24.968481312213573	-886.5293324193109
-25.846314496645842	-886.5277150107402
-25.844697088075126	-885.6498818263077
-26.72091286393701	-884.7704312333045
-27.598746048369282	-884.7688138247338
-27.597128639798566	-883.8909806403013
-28.473344415660115	-883.0115300472982
-31.106843968957595	-883.0066778215861
-31.10522656038688	-882.128844637154
-31.98144233624843	-881.2493940441508
-32.85927552068071	-881.2477766355801
-32.857658112109995	-880.3699434511476
-33.733873887971875	-879.4904928581444
-34.61170707240415	-879.4888754495737
-34.610089663833435	-878.6110422651412
-35.486305439695315	-877.7315916721383
-36.36413862412759	-877.7299742635676
-36.362521215556875	-876.8521410791351
-37.23873699141843	-875.9726904861319
-38.11657017585103	-875.9710730775612
-38.11495276728031	-875.0932398931288
-38.99116854314186	-874.2137893001257
-39.86900172757447	-874.2121718915549
-39.867384319003754	-873.3343387071227
-40.7436000948653	-872.4548881141195
-41.62143327929757	-872.4532707055488
-41.61981587072685	-871.5754375211163
-42.49603164658874	-870.6959869281131
-43.37386483102102	-870.6943695195424
-43.3722474224503	-869.8165363351101
-44.24846319831219	-868.937085742107
-45.12629638274446	-868.9354683335363
-45.12467897417374	-868.0576351491038
-46.00089475003529	-867.1781845561006
-46.878727934467896	-867.1765671475299
-46.87711052589717	-866.2987339630974
-47.75332630175873	-865.4192833700945
-48.631159486191336	-865.4176659615238
-48.62954207762062	-864.5398327770913
-49.50575785348217	-863.6603821840882
-50.383591037914435	-863.6587647755175
-50.38197362934372	-862.7809315910852
-51.25818940520561	-861.901480998082
-52.13602258963788	-861.8998635895113
-52.134405181067166	-861.022030405079
-53.01062095692905	-860.1425798120758
-53.88845414136132	-860.1409624035051
-53.886836732790606	-859.2631292190727
-54.76305250865216	-858.3836786260695
-55.64088569308476	-858.3820612174987
-55.63926828451404	-857.5042280330663
-56.5154840603756	-856.6247774400634
-57.3933172448082	-856.6231600314927
-57.391699836237485	-855.7453268470603
-58.26791561209903	-854.8658762540571
-59.14574879653131	-854.8642588454863
-59.14413138796059	-853.9864256610539
-60.02034716382248	-853.1069750680507
-60.898180348254755	-853.10535765948
-60.89656293968404	-852.2275244750476
-61.77277871554592	-851.3480738820444
-62.65061189997819	-851.3464564734737
-62.64899449140747	-850.4686232890413
-63.525210267269024	-849.5891726960383
-64.40304345170162	-849.5875552874676
-64.40142604313091	-848.7097221030351
-65.27764181899245	-847.830271510032
-66.15547500342505	-847.8286541014613
-66.15385759485433	-846.9508209170289
-67.0300733707159	-846.0713703240257
-67.90790655514817	-846.069752915455
-67.90628914657745	-845.1919197310225
-68.78250492243933	-844.3124691380193
-69.6603381068716	-844.3108517294487
-69.6587206983009	-843.4330185450166
-70.53493647416278	-842.5535679520134
-71.41276965859505	-842.5519505434427
-71.41115225002433	-841.6741173590102
-72.28736802588588	-840.794666766007
-73.16520121031849	-840.7930493574363
-73.16358380174776	-839.9152161730038
-74.03979957760932	-839.0357655800009
-74.91763276204193	-839.0341481714302
-74.91601535347121	-838.1563149869977
-75.79223112933275	-837.2768643939946
-76.67006431376502	-837.2752469854239
-76.66844690519432	-836.3974138009914
-77.5446626810562	-835.5179632079883
-78.42249586548847	-835.5163457994175
-78.42087845691775	-834.6385126149852
-79.29709423277964	-833.759062021982
-80.17492741721192	-833.7574446134113
-80.1733100086412	-832.8796114289789
-81.04952578450273	-832.0001608359757
-81.92735896893534	-831.998543427405
-81.92574156036463	-831.1207102429727
-82.80195733622618	-830.2412596499696
-83.67979052065878	-830.2396422413989
-83.67493829494663	-827.6061426881015
-84.55115407080818	-826.7266920950983
-85.42898725524046	-826.7250746865276
-85.42736984666975	-825.8472415020954
-86.30358562253163	-824.9677909090923
-87.1814188069639	-824.9661735005216
-87.17980139839318	-824.0883403160891
-88.05601717425508	-823.2088897230859
-88.93385035868735	-823.2072723145152
-88.9289981329752	-820.573772761218
-89.80521390883673	-819.694322168215
-90.68304709326934	-819.6927047596442
-90.67819486755718	-817.0592052063472
-91.55441064341875	-816.179754613344
-92.43224382785135	-816.1781372047733
-92.4273916021392	-813.5446376514759
-93.30360737800075	-812.6651870584728
-94.18144056243301	-812.6635696499021
-94.17658833672085	-810.0300700966048
-95.05280411258275	-809.1506195036018
-95.93063729701501	-809.149002095031
-95.92255025416142	-804.759836172869
-96.79876603002333	-803.880385579866
-97.67659921445559	-803.8787681712953
-97.65880772017768	-794.2226031425387
-96.78097453574541	-794.2242205511094
-95.90152394274209	-793.3480047752477
-95.89667171702993	-790.7145052219506
-95.01883853259767	-790.7161226305213
-94.13938793959433	-789.8399068546596
-94.13453571388217	-787.2064073013622
-93.25670252944991	-787.2080247099329
-92.37725193644692	-786.3318089340715
-92.3756345278762	-785.4539757496391
-91.4978013434436	-785.4555931582098
-90.6183507504406	-784.5793773823481
-90.61673334186989	-783.7015441979156
-89.73890015743729	-783.7031616064863
-88.8594495644343	-782.8269458306245
-88.85621474729287	-781.0712794617598
-87.97838156286059	-781.0728968703305
-87.09893096985726	-780.1966810944689
-87.09731356128654	-779.3188479100364
-86.21948037685426	-779.3204653186071
-85.34002978385095	-778.4442495427454
-85.33841237528023	-777.5664163583131
-84.46057919084795	-777.5680337668838
-83.58112859784495	-776.6918179910222
-83.57951118927424	-775.8139848065897
-82.70167800484164	-775.8156022151604
-81.82222741183864	-774.9393864392987
-81.81737518612648	-772.3058868860015
-80.93954200169388	-772.3075042945723
-80.06009140869091	-771.4312885187105
-80.05523918297875	-768.7977889654134
-79.17740599854648	-768.7994063739841
-78.29795540554315	-767.9231905981223
-78.29633799697243	-767.04535741369
-77.41850481254015	-767.0469748222607
-76.53905421953684	-766.170759046399
-76.53096717668323	-761.7815931242369
-75.65313399225096	-761.7832105328076
-74.77368339924799	-760.906994756946
-74.76883117353583	-758.2734952036488
-73.89099798910321	-758.2751126122196
-73.01154739610023	-757.3988968363578
-73.00346035324664	-753.0097309141958
-72.12562716881403	-753.0113483227665
-71.24617657581105	-752.1351325469049
-71.23808953295746	-747.7459666247428
-70.36025634852518	-747.7475840333135
-69.48080575552186	-746.871368257452
-69.46624907838539	-738.9708695975602
-68.58841589395311	-738.9724870061308
-67.7089653009498	-738.0962712302692
-67.70087825809621	-733.7071053081072
-68.57709403395809	-732.827654715104
-69.45492721839037	-732.8260373065334
-69.41449200412241	-710.8802076957231
-68.53665881969013	-710.8818251042937
-67.6572082266868	-710.0056093284322
-67.65235600097465	-707.3721097751351
-66.77452281654237	-707.3737271837058
-65.89507222353937	-706.4975114078438
-65.89345481496866	-705.6196782234116
-65.01562163053606	-705.6212956319823
-64.13617103753307	-704.7450798561207
-64.13455362896235	-703.8672466716882
-63.256720444529755	-703.868864080259
-62.37726985152677	-702.9926483043974
-62.375652442956046	-702.1148151199648
-59.7421528896589	-702.1196673456769
-58.86270229665558	-701.2434515698154
-58.86108488808486	-700.3656183853831
-57.983251703652584	-700.3672357939538
-57.10380111064959	-699.491020018092
-57.102183702078875	-698.6131868336596
-56.22435051764627	-698.6148042422303
-55.34489992464328	-697.7385884663686
-55.34328251607256	-696.8607552819362
-52.70978296277542	-696.8656075076484
-51.83033236977209	-695.9893917317869
-51.82871496120137	-695.1115585473543
-50.9508817767691	-695.113175955925
-50.071431183765775	-694.2369601800634
-50.06981377519505	-693.3591269956308
-47.43631422189791	-693.3639792213429
-46.55686362889492	-692.4877634454813
-46.5552462203242	-691.6099302610492
-43.92174666702706	-691.6147824867613
-43.042296074023724	-690.7385667108994
-43.04067866545301	-689.8607335264671
-42.16284548102073	-689.8623509350379
-41.28339488801741	-688.9861351591759
-41.281777479446696	-688.1083019747437
-40.403944295014426	-688.1099193833144
-39.52449370201143	-687.2337036074529
-39.52287629344072	-686.3558704230202
-36.889376740143234	-686.3607226487323
-36.00992614714025	-685.4845068728708
-36.008308738569525	-684.6066736884383
-33.37480918527237	-684.6115259141504
-32.495358592269056	-683.7353101382889
-32.49374118369834	-682.8574769538566
-31.61590799926606	-682.8590943624273
-30.736457406263067	-681.9828785865654
-30.734839997692347	-681.1050454021331
-29.85700681325974	-681.1066628107038
-28.977556220256755	-680.230447034842
-28.975938811686035	-679.3526138504097
-28.098105627253428	-679.3542312589803
-27.218655034250443	-678.4780154831188
-27.217037625679723	-677.6001822986863
-24.583538072382574	-677.6050345243984
-23.704087479379247	-676.7288187485368
-23.70247007080853	-675.8509855641042
-22.82463688637626	-675.852602972675
-21.945186293373265	-674.9763871968133
-21.94356888480255	-674.0985540123811
-19.310069331505073	-674.1034062380933
-18.430618738502076	-673.2271904622313
-18.429001329931356	-672.3493572777992
-15.795501776634207	-672.3542095035114
-14.916051183630884	-671.4779937276495
-14.914433775060168	-670.6001605432172
-12.280934221763017	-670.6050127689293
-11.401483628760028	-669.7287969930678
-11.39986622018931	-668.8509638086351
-10.522033035756705	-668.8525812172059
-9.642582442753714	-667.9763654413443
-9.640965034182994	-667.0985322569117
-8.763131849750721	-667.1001496654824
-7.8836812567473995	-666.2239338896209
-7.882063848176681	-665.3461007051885
-7.0042306637444085	-665.3477181137592
-6.124780070741086	-664.4715023378974
-6.123162662170368	-663.5936691534652
-5.245329477738095	-663.5952865620359
-4.365878884735105	-662.7190707861739
-4.364261476164387	-661.8412376017417
-1.7307619228669051	-661.8460898274539
-0.8513113298639146	-660.9698740515922
-0.849693921293196	-660.0920408671598
5.295138369733707	-660.1033627271548
6.174588962736697	-659.2271469512932
6.1762063713074165	-658.3493137668606
8.809705924604565	-658.3541659925728
9.68915651760789	-657.4779502167112
9.690773926178608	-656.600117032279
10.56860711061088	-656.6017344408497
11.448057703614202	-655.7255186649878
11.44967511218492	-654.8476854805555
14.08317466548207	-654.8525377062675
14.962625258485058	-653.9763219304057
14.964242667055778	-653.0984887459734
26.376074064676978	-653.1195150573928
27.2555246576803	-652.2432992815313
27.25714206625102	-651.3654660970986
36.91330709500734	-651.3832575913765
37.79275768801066	-650.507041815515
37.79437509658138	-649.6292086310823
47.45054012533771	-649.6470001253603
48.329990718340696	-648.7707843494987
48.33160812691141	-647.8929511650664
55.35427360237092	-647.9058904336321
56.23372419537392	-647.0296746577703
56.23534160394463	-646.1518414733381
64.13584026383641	-646.1663981504746
65.01529085683941	-645.2901823746126
65.01690826541012	-644.4123491901804
67.6504078187073	-644.4172014158926
67.64879041013657	-645.2950346003248
68.52500618599844	-646.1744851933282
69.40283937043071	-646.176102601899
69.40122196186	-647.0539357863312
70.27743773772156	-647.9333863793344
72.91093729101904	-647.9382386050464
72.90931988244832	-648.8160717894788
73.78553565830988	-649.6955223824817
74.66336884274216	-649.6971397910525
74.66175143417144	-650.5749729754851
75.53796721003333	-651.4544235684881
78.17146676333047	-651.4592757942003
78.16984935475975	-652.337108978633
79.04606513062129	-653.2165595716359
83.43523105278332	-653.2246466144895
83.43361364421261	-654.1024797989218
84.3098294200745	-654.9819303919251
90.4546617111014	-654.9932522519201
91.3341123041044	-654.1170364760583
91.3357297126751	-653.239203291626
95.72489563483713	-653.2472903344795
96.60434622784013	-652.371074558618
96.60596363641085	-651.4932413741853
97.48379682084345	-651.4948587827561
98.36324741384644	-650.6186430068946
98.36486482241716	-649.7408098224619
99.24269800684976	-649.7424272310326
100.12214859985275	-648.8662114551711
100.12376600842347	-647.9883782707387
101.00159919285575	-647.9899956793095
101.88104978585906	-647.1137799034477
101.88266719442977	-646.2359467190155
102.76050037886205	-646.2375641275862
103.63995097186537	-645.3613483517242
103.6415683804361	-644.483515167292
104.51940156486837	-644.4851325758627
105.39885215787135	-643.6089168000011
105.40046956644207	-642.7310836155685
108.03396911973957	-642.7359358412807
108.91341971274255	-641.8597200654191
108.91503712131326	-640.9818868809866
113.30420304347528	-640.9899739238401
114.18365363647828	-640.1137581479785
114.185271045049	-639.2359249635463
125.59710244267055	-639.2569512749657
126.47655303567352	-638.3807354991038
126.47817044424424	-637.5029023146715
132.62300273527114	-637.5142241746664
133.50245332827416	-636.6380083988046
133.50407073684488	-635.7601752143722
150.18290124106068	-635.790905977216
151.06235183406366	-634.9146902013546
151.06396924263439	-634.0368570169219
155.4531351647964	-634.0449440597754
156.33258575779973	-633.1687282839139
156.33420316637046	-632.2908950994813
160.7233690885325	-632.2989821423349
161.6028196815355	-631.4227663664733
161.60443709010622	-630.5449331820411
164.23793664340334	-630.5497854077532
165.11738723640667	-629.6735696318913
165.1190046449774	-628.795736447459
167.75250419827452	-628.8005886731712
168.63195479127754	-627.9243728973094
168.63357219984826	-627.0465397128771
178.2897372286049	-627.064331207155
178.28811982003418	-627.9421643915872
179.16433559589572	-628.8216149845905
194.0874997312467	-628.8491109302927
194.96695032424967	-627.9728951544308
194.9685677328204	-627.0950619699986
197.60206728611755	-627.0999141957108
198.48151787912087	-626.2236984198491
198.4831352876916	-625.3458652354166
199.36096847212383	-625.3474826439873
200.24041906512718	-624.4712668681257
200.2420364736979	-623.5934336836931
201.11986965813017	-623.5950510922638
201.99932025113318	-622.7188353164023
202.0009376597039	-621.8410021319701
202.87877084413648	-621.8426195405408
203.7582214371395	-620.966403764679
203.7598388457102	-620.0885705802466
204.6376720301428	-620.0901879888173
205.51712262314578	-619.2139722129555
205.5187400317165	-618.3361390285231
206.3965732161488	-618.3377564370938
207.2760238091521	-617.4615406612323
207.27764121772282	-616.5837074767996
208.1554744021551	-616.5853248853704
209.03492499515843	-615.709109109509
209.03654240372913	-614.8312759250764
211.67004195702629	-614.8361281507886
212.54949255002927	-613.9599123749268
212.5511099586	-613.0820791904946
245.03093778259907	-613.1419233076113
245.91038837560205	-612.2657075317493
245.91200578417278	-611.387874347317
252.9346712596323	-611.4008136158827
253.81412185263528	-610.5245978400208
253.81573926120598	-609.6467646555886
258.20490518336794	-609.6548516984423
259.08435577637096	-608.7786359225806
259.0859731849417	-607.9008027381481
261.7194727382392	-607.9056549638602
262.5989233312422	-607.0294391879987
262.6005407398129	-606.151606003566
265.23404029311007	-606.1564582292782
266.11349088611337	-605.2802424534167
266.1151082946841	-604.4024092689843
266.9929414791163	-604.4040266775551
267.87239207211934	-603.5278109016932
267.87400948069	-602.649977717261
268.75184266512264	-602.6515951258317
269.63129325812565	-601.7753793499699
269.6329106666964	-600.8975461655375
270.51074385112895	-600.8991635741082
271.39019444413196	-600.0229477982467
271.3918118527027	-599.1451146138141
272.269645037135	-599.1467320223849
273.1490956301383	-598.2705162465231
273.150713038709	-597.3926830620906
274.02854622314123	-597.3943004706613
274.9079968161446	-596.5180846947998
274.91284904185676	-593.8845851415026
275.79068222628905	-593.8862025500733
276.670132819292	-593.0099867742114
276.6733676364334	-591.2543204053468
282.8181999274603	-591.2656422653419
283.69765052046364	-590.3894264894801
283.69926792903436	-589.5115933050479
289.84410022006097	-589.522915165043
290.72355081306426	-588.646699389181
290.725168221635	-587.7688662047487
295.11433414379707	-587.7769532476023
295.9937847368	-586.9007374717406
295.99540214537075	-586.022904287308
298.62890169866785	-586.0277565130202
299.5083522916712	-585.1515407371586
299.5099697002419	-584.2737075527261
303.899135622404	-584.2817945955798
304.77858621540696	-583.4055788197182
304.7802036239776	-582.5277456352859
310.92503591500457	-582.539067495281
311.8044865080075	-581.6628517194191
311.80610391657825	-580.7850185349868
316.1952698387403	-580.7931055778403
317.07472043174363	-579.9168898019784
317.07633784031435	-579.0390566175461
321.4655037624764	-579.0471436603997
322.34495435547933	-578.1709278845383
322.34657176405005	-577.2930947001056
326.73573768621213	-577.3011817429592
327.61518827921543	-576.4249659670977
327.61680568778615	-575.5471327826651
335.5173043476776	-575.5616894598015
336.396754940681	-574.6854736839399
336.3983723492517	-573.8076404995077
339.0318719025488	-573.8124927252198
339.9113224955517	-572.9362769493579
339.9129399041224	-572.0584437649256
340.79077308855506	-572.0600611734964
341.67022368155807	-571.1838453976345
341.6718410901288	-570.3060122132023
361.8620043320741	-570.3432126103288
362.74145492507733	-569.4669968344672
362.74307233364806	-568.5891636500346
368.88790462467466	-568.6004855100297
369.767355217678	-567.724269734168
369.76897262624874	-566.8464365497355
372.40247217954584	-566.8512887754476
373.28192277254885	-565.975072999586
373.2835401811196	-565.0972398151538
377.67270610328166	-565.1053268580074
378.5521566962849	-564.2291110821456
378.5537741048556	-563.3512778977132
384.69860639588256	-563.3625997577083
385.5780569888855	-562.4863839818464
385.57967439745624	-561.6085507974141
398.7471721639423	-561.6328119259748
399.6266227569453	-560.7565961501133
399.62824016551605	-559.8787629656806
407.5287388254078	-559.8933196428171
408.4081894184108	-559.0171038669557
408.40980682698154	-558.1392706825231
412.7989727491435	-558.1473577253767
413.67842334214686	-557.271141949515
413.6800407507176	-556.3933087650828
418.06920667287966	-556.4013958079364
418.9486572658827	-555.5251800320744
418.9502746744534	-554.6473468476422
423.33944059661536	-554.6554338904958
424.2188911896187	-553.7792181146339
424.2205085981894	-552.9013849302017
439.14367273354	-552.9288808759039
439.1420553249693	-553.806714060336
440.0182711008312	-554.6861646533395
452.30793568288465	-554.7088083733296
453.187386275888	-553.8325925974675
453.18900368445867	-552.9547594130354
457.5781696066207	-552.962846455889
458.4576201996237	-552.0866306800274
458.4592376081944	-551.2087974955948
461.0927371614915	-551.213649721307
461.9721877544949	-550.3374339454455
461.9738051630656	-549.4596007610128
464.60730471636276	-549.464452986725
465.4867553093658	-548.5882372108634
465.4883727179365	-547.7104040264311
468.12187227123394	-547.7152562521433
469.00132286423695	-546.8390404762814
469.0029402728077	-545.9612072918492
483.9261044081586	-545.9887032375514
483.9244869995879	-546.8665364219836
484.80070277544945	-547.7459870149869
490.9455350664764	-547.757308874982
490.9439176579057	-548.6351420594143
491.82013343376724	-549.5145926524173
496.2092993559292	-549.5226796952708
496.2076819473585	-550.4005128797035
497.0838977232204	-551.2799634727064
497.9617309076527	-551.2815808812771
497.96011349908196	-552.1594140657097
498.83632927494347	-553.0388646587128
501.46982882824096	-553.043716884425
501.4682114196703	-553.9215500688571
502.3444271955318	-554.8010006618605
503.2222603799641	-554.8026180704312
503.2206429713934	-555.6804512548634
504.0968587472553	-556.5599018478669
504.9746919316875	-556.5615192564376
504.9730745231168	-557.4393524408698
505.8492902989787	-558.3188030338729
506.727123483411	-558.3204204424436
506.7222712576988	-560.953919995741
507.5984870335604	-561.833370588744
508.4763202179929	-561.8349879973147
508.4714679922808	-564.4684875506119
509.34768376814236	-565.3479381436152
510.225516952575	-565.349555552186
510.2206647268628	-567.983055105483
511.09688050272433	-568.8625056984861
511.9747136871567	-568.8641231070568
511.9633918271617	-575.0089553980837
512.8396076030234	-575.8884059910868
513.7174407874556	-575.8900233996574
513.7093537446021	-580.2791893218193
514.585569520464	-581.1586399148226
515.4634027048963	-581.1602573233934
515.4553156620427	-585.5494232455553
516.3315314379043	-586.4288738385584
517.2093646223369	-586.4304912471291
517.2045123966248	-589.0639908004263
518.0807281724864	-589.9434413934297
518.958561356919	-589.9450588020004
518.952091722636	-593.4563915397297
519.8283074984976	-594.3358421327331
520.7061406829297	-594.3374595413038
520.704523274359	-595.215292725736
521.5807390502208	-596.0947433187395
522.4585722346532	-596.0963607273102
522.4537200089411	-598.7298602806072
523.329935784803	-599.6093108736103
524.2077689692353	-599.610928282181
524.2061515606646	-600.4887614666136
525.0823673365262	-601.3682120596166
525.9602005209587	-601.3698294681873
525.9585831123879	-602.2476626526196
526.8347988882496	-603.1271132456229
527.7126320726821	-603.1287306541936
527.70777984697	-605.7622302074908
528.5839956228316	-606.6416808004938
529.4618288072637	-606.6432982090645
529.460211398693	-607.5211313934972
530.3364271745551	-608.4005819865001
531.2142603589872	-608.4021993950709
531.209408133275	-611.0356989483679
532.085623909137	-611.9151495413713
532.9634570935691	-611.9167669499419
532.9586048678569	-614.5502665032391
533.8348206437186	-615.4297170962421
534.7126538281511	-615.4313345048129
534.707801602439	-618.0648340581103
535.5840173783007	-618.9442846511132
536.4618505627333	-618.9459020596839
536.4569983370211	-621.5794016129812
537.3332141128827	-622.4588522059845
538.211047297315	-622.4604696145552
538.2061950716028	-625.0939691678523
539.0824108474646	-625.9734197608553
539.960244031897	-625.9750371694261
539.9521569890434	-630.364203091588
540.8283727649052	-631.2436536845914
541.7062059493376	-631.2452710931622
541.698118906484	-635.6344370153242
542.5743346823454	-636.5138876083271
543.4521678667782	-636.5155050168978
543.4408460067832	-642.6603373079247
544.3170617826445	-643.5397879009278
545.1948949670771	-643.5414053094985
545.183573107082	-649.6862376005254
546.0597888829436	-650.5656881935283
546.937622067376	-650.567305602099
546.9263002073809	-656.712137893126
547.8025159832428	-657.5915884861294
548.6803491676751	-657.5932058947001
548.6722621248216	-661.982371816862
549.5484779006835	-662.8618224098651
550.4263110851158	-662.8634398184358
550.4214588594036	-665.496939371733
551.2976746352651	-666.3763899647363
552.1755078196977	-666.378007373307
552.1706555939855	-669.0115069266042
553.0468713698469	-669.890957519607
553.9247045542797	-669.8925749281777
553.9166175114261	-674.2817408503397
554.7928332872875	-675.1611914433431
555.6706664717199	-675.1628088519138
555.6431705260177	-690.0859729872644
556.5193863018795	-690.9654235802678
557.3972194863118	-690.9670409888386
557.3664887234681	-707.645871493054
558.24270449933	-708.5253220860574
559.1205376837623	-708.5269394946281
559.0898069209187	-725.2057699988437
558.2119737364864	-725.204152590273
557.3325231434831	-726.0803683661347
557.3179664663465	-733.9808670260263
556.4401332819143	-733.9792496174556
555.560682688911	-734.8554653933173
555.5558304631988	-737.4889649466145
554.6779972787665	-737.4873475380438
553.7985466857637	-738.3635633139054
553.7904596429102	-742.7527292360676
552.9126264584773	-742.7511118274969
552.0331758654745	-743.6273276033587
552.0283236397623	-746.2608271566558
551.1504904553298	-746.259209748085
550.2710398623268	-747.1354255239468
550.2597180023317	-753.2802578149735
549.3818848178994	-753.2786404064028
548.5024342248961	-754.1548561822644
548.4975819991839	-756.7883557355617
547.6197488147516	-756.786738326991
546.7402982217483	-757.6629541028526
546.7322111788948	-762.0521200250147
545.8543779944624	-762.050502616444
544.9749274014594	-762.9267183923056
544.9700751757472	-765.560217945603
544.0922419913146	-765.5586005370322
543.2127913983119	-766.4348163128938
543.2079391725997	-769.068315866191
542.3301059881669	-769.0666984576203
541.4506553951641	-769.942914233482
541.4458031694519	-772.5764137867792
540.5679699850195	-772.5747963782085
539.6885193920162	-773.4510121540702
539.6836671663041	-776.0845117073674
538.8058339818717	-776.0828942987966
537.9263833888684	-776.9591100746584
537.9215311631564	-779.5926096279555
537.0436979787241	-779.5909922193848
536.1642473857211	-780.4672079952466
536.1577777514382	-783.9785407329761
535.2799445670056	-783.9769233244053
534.4004939740025	-784.8531391002671
534.3956417482904	-787.4866386535645
533.5178085638578	-787.4850212449937
532.6383579708547	-788.3612370208551
532.636740562284	-789.2390702052876
531.7589073778519	-789.237452796717
530.8794567848485	-790.1136685725787
530.8746045591363	-792.747168125876
529.9967713747042	-792.7455507173053
529.1173207817006	-793.621766493167
529.1157033731299	-794.4995996775992
528.2378701886978	-794.4979822690285
527.3584195956947	-795.3741980448902
527.356802187124	-796.2520312293227
526.4789690026914	-796.250413820752
525.5995184096884	-797.1266295966136
525.5946661839763	-799.760129149911
524.7168329995438	-799.7585117413403
523.8373824065408	-800.634727517202
523.8325301808286	-803.268227070499
522.9546969963963	-803.2666096619283
522.075246403393	-804.1428254377901
522.0736289948222	-805.0206586222225
521.1957958103899	-805.0190412136518
520.3163452173866	-805.8952569895133
520.3147278088159	-806.7730901739458
519.4368946243837	-806.771472765375
518.5574440313808	-807.6476885412367
518.5558266228101	-808.5255217256691
517.6779934383775	-808.5239043170984
516.7985428453744	-809.4001200929602
516.7969254368037	-810.2779532773925
514.1634258835064	-810.2731010516803
513.2839752905031	-811.149316827542
513.2823578819324	-812.0271500119744
510.6488583286353	-812.0222977862624
509.76940773563234	-812.8985135621241
509.7677903270616	-813.7763467465564
508.889957142629	-813.7747293379857
508.01050654962603	-814.6509451138473
508.0088891410553	-815.5287782982798
505.3753895877582	-815.5239260725676
504.49593899475485	-816.4001418484294
504.4910867690427	-819.0336414017265
503.61325358461045	-819.0320239931558
502.7338029916071	-819.9082397690174
502.73218558303637	-820.7860729534499
501.8543523986041	-820.7844555448792
500.9749018056011	-821.6606713207409
500.9732843970304	-822.5385045051734
500.09545121259777	-822.5368870966026
499.2160006195948	-823.4131028724642
499.21438321102414	-824.2909360568966
498.3365500265915	-824.2893186483259
497.45709943358855	-825.1655344241876
497.45548202501783	-826.0433676086201
496.57764884058554	-826.0417502000494
495.6981982475822	-826.917965975911
495.69334602187	-829.5514655292081
494.8155128374377	-829.5498481206374
493.93606224443477	-830.4260638964992
493.93444483586404	-831.3038970809316
493.0566116514314	-831.3022796723609
492.1771610584284	-832.1784954482226
492.1755436498577	-833.056328632655
491.29771046542515	-833.0547112240843
490.4182598724222	-833.930926999946
490.4166424638515	-834.8087601843783
489.5388092794192	-834.8071427758076
488.6593586864158	-835.6833585516694
488.6577412778451	-836.5611917361017
487.77990809341287	-836.559574327531
486.9004575004095	-837.4357901033927
486.8988400918388	-838.3136232878252
484.26534053854164	-838.308771062113
483.3858899455386	-839.1849868379746
483.3842725369679	-840.0628200224071
482.5064393525353	-840.0612026138364
481.62698875953237	-840.9374183896979
481.62537135096164	-841.8152515741303
478.99187179766443	-841.8103993484182
478.11242120466113	-842.6866151242799
478.1108037960904	-843.5644483087124
477.2329706116581	-843.5628309001416
476.35352001865516	-844.4390466760034
476.35190261008444	-845.3168798604355
473.718403056787	-845.3120276347233
472.838952463784	-846.1882434105851
472.83733505521326	-847.0660765950175
468.44816913305124	-847.057989552164
467.5687185400482	-847.9342053280258
467.5671011314775	-848.8120385124582
454.39960336499144	-848.7877773838974
453.5201527719881	-849.663993159759
453.51853536341736	-850.5418263441915
441.2288707813639	-850.5191826242014
440.3494201883606	-851.395398400063
440.3478027797899	-852.2732315844954
435.9586368576278	-852.2651445416418
435.0791862646248	-853.1413603175035
435.07756885605414	-854.0191935019359
432.44406930275704	-854.0143412762237
431.5646187097537	-854.8905570520856
431.56300130118296	-855.768390236518
428.9295017478858	-855.7635380108059
428.0500511548828	-856.6397537866676
428.04843374631207	-857.5175869711001
425.41493419301463	-857.5127347453879
424.5354836000117	-858.3889505212493
424.53386619144095	-859.2667837056817
423.65603300700866	-859.265166297111
422.7765824140053	-860.1413820729728
422.7749650054346	-861.0192152574052
420.1414654521374	-861.014363031693
419.2620148591344	-861.8905788075548
419.2603974505637	-862.768411991987
416.62689789726625	-862.7635597662749
415.74744730426323	-863.6397755421366
415.74582989569257	-864.5176087265689
413.1123303423954	-864.5127565008568
412.23287974939205	-865.3889722767185
412.23126234082133	-866.266805461151
409.59776278752423	-866.2619532354389
408.7183121945213	-867.1381690113004
408.71669478595055	-868.0160021957329
406.08319523265334	-868.0111499700207
405.20374463965004	-868.8873657458824
405.2021272310793	-869.7651989303149
399.05729494005243	-869.7538770703198
398.1778443470494	-870.6300928461815
398.1762269384787	-871.5079260306138
393.78706101631667	-871.4998389877602
392.9076104233137	-872.3760547636219
392.905993014743	-873.2538879480544
386.761160723716	-873.2425660880594
385.8817101307128	-874.1187818639212
385.8800927221421	-874.9966150483534
383.2465931688449	-874.9917628226412
382.3671425758419	-875.867978598503
382.3655251672712	-876.7458117829353
379.73202561397403	-876.7409595572232
378.8525750209707	-877.6171753330849
378.85095761239995	-878.4950085175174
376.21745805910285	-878.4901562918052
375.33800746609984	-879.3663720676667
375.3363900575291	-880.2442052520992
372.7028905042316	-880.239353026387
371.8234399112286	-881.1155688022488
371.8218225026579	-881.9934019866813
369.1883229493608	-881.9885497609691
368.3088723563574	-882.8647655368309
368.3072549477867	-883.742598721263
367.42942176335447	-883.7409813126923
366.5499711703515	-884.617197088554
366.5483537617808	-885.4950302729865
363.9148542084833	-885.4901780472743
363.0354036154803	-886.366393823136
363.03378620690955	-887.2442270075685
362.15595302247726	-887.2426095989978
361.276502429474	-888.1188253748594
361.2748850209033	-888.9966585592919
358.6413854676061	-888.9918063335797
357.7619348746031	-889.8680221094413
357.7603174660324	-890.7458552938738
355.12681791273485	-890.7410030681616
354.2473673197319	-891.6172188440232
354.24574991116117	-892.4950520284556
351.61225035786407	-892.4901998027435
350.7327997648607	-893.3664155786053
350.73118235629005	-894.2442487630377
348.0976828029929	-894.2393965373255
347.2182322099899	-895.1156123131873
347.21661480141915	-895.9934454976196
337.56044977266254	-895.9756540033417
336.6809991796595	-896.8518697792032
336.6793817710888	-897.7297029636356
334.04588221779164	-897.7248507379235
333.1664316247883	-898.6010665137852
333.16481421621756	-899.4788996982177
332.28698103178533	-899.477282289647
331.4075304387823	-900.3534980655088
331.4059130302116	-901.231331249941
328.77241347691415	-901.2264790242289
327.89296288391114	-902.1026948000905
327.8913454753404	-902.980527984523
327.0135122909081	-902.9789105759522
326.1340616979049	-903.855126351814
326.13244428933416	-904.7329595362464
319.9876119983073	-904.7216376762514
319.10816140530426	-905.597853452113
319.10654399673354	-906.4756866365454
316.4730444434364	-906.4708344108333
315.593593850433	-907.3470501866949
315.5919764418623	-908.2248833711274
314.71414325743	-908.2232659625566
313.834692664427	-909.0994817384183
313.8330752558563	-909.9773149228506
309.4439093336943	-909.9692278799971
308.56445874069095	-910.8454436558588
308.56284133212023	-911.7232768402913
305.9293417788231	-911.7184246145791
305.04989118582006	-912.5946403904409
305.04827377724934	-913.4724735748733
298.90344148622245	-913.4611517148783
298.02399089321915	-914.3373674907398
298.0223734846484	-915.2152006751721
295.3888739313513	-915.21034844946
294.50942333834837	-916.0865642253217
294.50780592977765	-916.9643974097542
288.3629736387507	-916.9530755497592
287.48352304574775	-917.8292913256209
287.481905637177	-918.7071245100532
277.82574060842035	-918.6893330157752
276.94629001541733	-919.565548791637
276.9446726068466	-920.4433819760694
274.31117305354945	-920.4385297503572
273.4317224605461	-921.3147455262189
273.4301050519754	-922.1925787106513
269.0409391298134	-922.1844916677978
268.1614885368104	-923.0607074436595
268.15987112823973	-923.9385406280918
263.7707052060777	-923.9304535852382
262.89125461307435	-924.8066693610999
262.88963720450363	-925.6845025455324
258.5004712823416	-925.6764155026788
257.6210206893386	-926.5526312785405
257.61940328076787	-927.4304644629727
253.2302373586059	-927.4223774201191
252.35078676560292	-928.2985931959809
252.3491693570322	-929.1764263804133
247.08217025043754	-929.1667219289891
246.20271965743456	-930.0429377048508
246.20110224886383	-930.9207708892833
240.05626995783692	-930.9094490292882
239.17681936483396	-931.7856648051497
239.17520195626324	-932.6634979895822
238.29736877183063	-932.6618805810115
237.41791817882765	-933.5380963568732
237.41630077025692	-934.4159295413056
234.78280121695977	-934.4110773155934
233.90335062395644	-935.2872930914551
233.90173321538572	-936.1651262758874
233.02390003095348	-936.1635088673166
232.14444943795013	-937.0397246431784
232.1428320293794	-937.9175578276108
231.26499884494714	-937.9159404190402
230.38554825194413	-938.792156194902
230.3839308433734	-939.6699893793344
227.75043129007594	-939.6651371536223
226.87098069707295	-940.5413529294837
226.86936328850226	-941.4191861139161
222.4801973663402	-941.4110990710625
221.60074677333725	-942.2873148469242
221.59912936476653	-943.1651480313567
213.69863070487474	-943.1505913542202
213.70024811344547	-942.2727581697877
212.8240323375839	-941.3933075767845
206.67920004655699	-941.3819857167896
205.7997494535537	-942.2582014926513
205.79813204498296	-943.1360346770838
203.1646324916858	-943.1311824513716
202.2851818986828	-944.0073982272334
202.28356449011207	-944.8852314116657
201.4057313056795	-944.883614003095
200.52628071267648	-945.7598297789567
200.5246633041058	-946.6376629633891
197.89116375080863	-946.6328107376769
197.0117131578053	-947.5090265135385
197.01009574923458	-948.386859697971
194.37659619593742	-948.3820074722588
193.49714560293447	-949.2582232481204
193.49552819436374	-950.1360564325529
190.86202864106656	-950.1312042068408
189.98257804806326	-951.0074199827026
189.98096063949257	-951.885253167135
187.3474610861954	-951.8804009414229
186.4680104931924	-952.7566167172845
186.46639308462167	-953.6344499017167
159.2535643672169	-953.5843102360244
158.37411377421392	-954.4605260118861
158.3724963656432	-955.3383591963186
148.71633133688655	-955.3205677020408
147.83688074388357	-956.1967834779025
147.83526333531285	-957.074616662335
129.40076646223247	-957.0406510823499
