%% Coordinates
222.40417916351652	-982.6692587393856
222.40579657208724	-981.7914255549531
221.52958079622573	-980.9119749619499
215.38474850519881	-980.9006531019548
215.38636591376954	-980.0228199175224
214.51015013790763	-979.1433693245195
208.36531784688106	-979.1320474645245
208.36693525545178	-978.254214280092
207.4907194795899	-977.374763687089
204.85721992629274	-977.3699114613768
204.85883733486347	-976.4920782769443
203.98262155900193	-975.6126276839411
203.10478837456932	-975.6110102753704
203.10802319171074	-973.8553439065057
202.23180741584918	-972.9758933135025
201.3539742314166	-972.9742759049318
201.36529609141164	-966.8294436139049
202.2431292758442	-966.8310610224756
203.12257986884723	-965.954845246614
203.12419727741792	-965.0770120621817
205.75769683071508	-965.0818642878938
206.63714742371837	-964.2056485120321
206.6387648322891	-963.3278153275998
207.5165980167214	-963.3294327361705
208.39604860972472	-962.4532169603087
208.39766601829544	-961.5753837758764
211.0311655715926	-961.5802360015886
211.91061616459558	-960.7040202257268
211.91223357316628	-959.8261870412944
214.54573312646343	-959.8310392670065
215.42518371946676	-958.9548234911447
215.42680112803748	-958.0769903067123
219.8159670501995	-958.085077349566
220.69541764320252	-957.2088615737044
220.69703505177324	-956.331028389272
226.84186734280013	-956.342350249267
227.72131793580309	-955.4661344734053
227.7229353443738	-954.5883012889728
230.35643489767128	-954.593153514685
231.2358854906743	-953.7169377388233
231.23750289924502	-952.839104554391
232.11533608367728	-952.8407219629618
232.99478667668063	-951.9645061871001
232.99640408525133	-951.0866730026677
235.62990363854846	-951.0915252283797
236.50935423155147	-950.215309452518
236.5109716401222	-949.3374762680855
247.9228030377437	-949.358502579505
248.80225363074672	-948.4822868036433
248.80387103931744	-947.6044536192109
255.8265365147766	-947.6173928877765
256.70598710777983	-946.7411771119149
256.70760451635056	-945.8633439274826
259.3411040696478	-945.8681961531947
260.2205546626507	-944.991980377333
260.22217207122145	-944.1141471929006
262.85567162451866	-944.1189994186128
263.73512221752196	-943.2427836427511
263.7367396260927	-942.3649504583186
266.3702391793898	-942.3698026840308
267.24968977239286	-941.493586908169
267.2513071809636	-940.6157537237366
269.884806734261	-940.6206059494488
270.76425732726403	-939.7443901735872
270.76587473583476	-938.8665569891548
273.39937428913186	-938.871409214867
274.27882488213515	-937.9951934390052
274.2804422907059	-937.1173602545728
278.669608212868	-937.1254472974264
279.5490588058709	-936.2492315215646
279.55067621444164	-935.3713983371324
285.6955085054685	-935.3827201971275
286.5749590984716	-934.5065044212657
286.5765765070423	-933.6286712368334
289.2100760603394	-933.6335234625454
290.0895266533427	-932.7573076866837
290.09114406191344	-931.8794745022512
292.72464361521065	-931.8843267279634
293.6040942082136	-931.0081109521019
293.6057116167843	-930.1302777676694
297.99487753894624	-930.1383648105231
298.87432813194965	-929.2621490346613
298.8759455405204	-928.3843158502289
303.2651114626824	-928.3924028930825
304.1445620556854	-927.5161871172207
304.14617946425614	-926.6383539327885
310.2910117552831	-926.6496757927835
311.170462348286	-925.7734600169217
311.1720797568567	-924.8956268324893
313.80557931015414	-924.9004790582014
314.6850299031572	-924.0242632823397
314.68664731172794	-923.1464300979073
317.32014686502504	-923.1512823236195
318.19959745802845	-922.2750665477579
318.2012148665992	-921.3972333633254
322.5903807887612	-921.405320406179
323.46983138176404	-920.5291046303174
323.47144879033476	-919.651271445885
326.10494834363203	-919.6561236715971
326.9843989366353	-918.7799078957353
326.986016345206	-917.902074711303
329.6195158985031	-917.9069269370152
330.49896649150617	-917.0307111611535
330.5005839000769	-916.152877976721
334.8897498222389	-916.1609650195746
335.7692004152423	-915.2847492437129
335.77081782381305	-914.4069160592805
340.159983745975	-914.4150031021342
341.03943433897797	-913.5387873262727
341.0410517475487	-912.6609541418402
345.43021766971077	-912.6690411846937
346.30966826271367	-911.792825408832
346.3112856712844	-910.9149922243995
348.94478522458184	-910.9198444501117
349.8242358175849	-910.0436286742499
349.82585322615563	-909.1657954898176
354.21501914831765	-909.1738825326712
355.09446974132055	-908.2976667568096
355.0960871498913	-907.4198335723771
359.4852530720534	-907.4279206152307
360.3647036650567	-906.5517048393691
360.36632107362743	-905.6738716549366
364.7554869957894	-905.6819586977902
365.63493758879247	-904.8057429219285
365.6365549973632	-903.9279097374961
371.7813872883901	-903.9392315974911
372.66083788139304	-903.0630158216294
372.6624552899637	-902.1851826371969
378.8072875809906	-902.196504497192
379.686738173994	-901.3202887213304
379.6883555825647	-900.4424555368981
382.3218551358618	-900.4473077626102
383.2013057288649	-899.5710919867485
383.2029231374356	-898.693258802316
391.10342179732737	-898.7078154794525
391.98287239033033	-897.8315997035908
391.98448979890105	-896.9537665191583
394.61798935219826	-896.9586187448705
395.49743994520156	-896.082402969009
395.4990573537723	-895.2045697845766
399.88822327593425	-895.2126568274302
400.7676738689373	-894.3364410515684
400.769291277508	-893.4586078671359
403.4027908308051	-893.4634600928481
404.2822414238084	-892.5872443169864
404.2838588323791	-891.709411132554
406.9173583856763	-891.7142633582662
407.7968089786793	-890.8380475824046
407.79842638725	-889.9602143979721
412.18759230941197	-889.9683014408257
413.0670429024154	-889.0920856649641
413.0686603109861	-888.2142524805316
417.4578262331481	-888.2223395233852
418.3372768261512	-887.3461237475236
418.3388942347219	-886.4682905630912
420.972393788019	-886.4731427888032
421.85184438102226	-885.5969270129415
421.853461789593	-884.719093828509
426.2426277117551	-884.7271808713626
427.122078304758	-883.8509650955009
427.12369571332874	-882.9731319110688
431.5128616354907	-882.9812189539224
432.3923122284941	-882.1050031780607
432.39392963706484	-881.2271699936282
435.02742919036194	-881.2320222193404
435.9068797833649	-880.3558064434786
435.9084971919356	-879.4779732590462
438.54199674523284	-879.4828254847582
439.42144733823613	-878.6066097088967
439.42306474680686	-877.7287765244643
440.3008979312392	-877.730393933035
441.18034852424245	-876.8541781571732
441.18196593281317	-875.9763449727409
443.8154654861103	-875.9811971984531
444.69491607911334	-875.1049814225913
444.696533487684	-874.2271482381591
448.2078662254138	-874.233617872442
449.08731681841675	-873.3574020965802
449.0889342269875	-872.4795689121478
451.7224337802846	-872.48442113786
452.601884373288	-871.6082053619982
452.6035017818587	-870.7303721775659
455.2370013351558	-870.735224403278
456.1164519281589	-869.8590086274164
456.1180693367296	-868.981175442984
464.01856799662136	-868.9957321201204
464.8980185896243	-868.1195163442586
464.89963599819504	-867.2416831598262
467.5331355514925	-867.2465353855383
468.41258614449555	-866.3703196096768
468.4142035530662	-865.4924864252444
471.0477031063633	-865.4973386509565
471.9271536993667	-864.6211228750948
471.92877110793745	-863.7432896906624
476.3179370300994	-863.7513767335159
477.1973876231024	-862.8751609576542
477.1990050316731	-861.997327773222
478.07683821610544	-861.9989451817927
478.9562888091087	-861.122729405931
478.9579062176794	-860.2448962214985
488.61407124643574	-860.2626877157765
488.60274938644073	-866.4075200068033
487.72491620200856	-866.4059025982326
486.84546560900515	-867.2821183740941
486.8341437490101	-873.4269506651211
485.95631056457785	-873.4253332565504
485.07685997157483	-874.3015490324121
485.0655381115798	-880.4463813234388
484.18770492714725	-880.4447639148681
483.3082543341442	-881.3209796907298
483.30663692557346	-882.1988128751623
482.4288037411409	-882.1971954665916
481.549353148138	-883.0734112424533
481.54773573956726	-883.9512444268854
480.6699025551349	-883.9496270183147
479.79045196213167	-884.8258427941764
479.78883455356095	-885.7036759786089
478.9110013691286	-885.7020585700382
478.03155077612536	-886.5782743458999
478.02993336755463	-887.4561075303324
477.1521001831223	-887.4544901217616
476.27264959011933	-888.3307058976233
476.2710321815486	-889.2085390820557
475.393198997116	-889.206921673485
474.513748404113	-890.0831374493467
474.5121309955423	-890.9609706337792
473.6342978111097	-890.9593532252085
472.75484721810665	-891.8355690010701
472.7532298095359	-892.7134021855024
471.87539662510375	-892.7117847769317
470.99594603210033	-893.5880005527935
470.99432862352967	-894.4658337372259
470.11649543909743	-894.4642163286552
469.237044846094	-895.3404321045169
469.2354274375233	-896.2182652889493
468.3575942530911	-896.2166478803786
467.47814366008805	-897.0928636562401
467.4765262515173	-897.9706968406725
464.8430266982199	-897.9658446149604
463.96357610521693	-898.8420603908221
463.9619586966462	-899.7198935752546
463.08412551221386	-899.7182761666838
462.2046749192106	-900.5944919425456
462.2030575106399	-901.4723251269778
461.32522432620755	-901.4707077184071
460.44577373320425	-902.3469234942687
460.4441563246336	-903.2247566787012
459.5663231402013	-903.2231392701304
458.68687254719833	-904.0993550459922
458.6852551386276	-904.9771882304246
457.80742195419504	-904.9755708218539
456.92797136119196	-905.8517865977155
456.92635395262124	-906.729619782148
454.29285439932414	-906.724767556436
453.41340380632073	-907.6009833322976
453.41178639775	-908.47881651673
452.53395321331783	-908.4771991081593
451.6545026203144	-909.3534148840209
451.6528852117437	-910.2312480684533
450.77505202731146	-910.2296306598826
449.89560143430856	-911.1058464357443
449.89398402573784	-911.9836796201768
446.38265128800805	-911.9772099858939
445.50320069500503	-912.8534257617556
445.5015832864343	-913.7312589461881
442.86808373313687	-913.7264067204759
441.9886331401339	-914.6026224963374
441.9870157315632	-915.4804556807698
439.353516178266	-915.4756034550576
438.4740655852627	-916.3518192309193
438.47244817669196	-917.2296524153518
435.83894862339474	-917.2248001896397
434.9594980303918	-918.1010159655015
434.95788062182106	-918.9788491499337
432.32438106852396	-918.9739969242215
431.44493047552055	-919.8502127000833
431.4433130669498	-920.7280458845157
428.8098135136527	-920.7231936588036
427.9303629206497	-921.5994094346652
427.92551069493754	-924.2329089879623
427.047677510505	-924.2312915793916
426.16822691750207	-925.1075073552533
426.16660950893134	-925.9853405396858
423.53310995563413	-925.9804883139736
422.65365936263083	-926.8567040898354
422.6520419540601	-927.7345372742676
421.77420876962776	-927.7329198656969
420.8947581766245	-928.6091356415586
420.8931407680538	-929.4869688259911
418.2596412147567	-929.482116600279
417.3801906217536	-930.3583323761408
417.37857321318296	-931.2361655605732
416.5007400287504	-931.2345481520025
415.6212894357473	-932.110763927864
415.6196720271766	-932.9885971122965
412.9861724738795	-932.9837448865843
412.1067218808761	-933.859960662446
412.10510447230536	-934.7377938468784
407.7159385501434	-934.7297068040248
406.83648795714043	-935.6059225798865
406.8348705485697	-936.4837557643187
402.44570462640763	-936.4756687214651
401.5662540334047	-937.3518844973269
401.56463662483395	-938.2297176817593
393.66413796494214	-938.2151610046229
392.78468737193924	-939.0913767804847
392.7830699633685	-939.9692099649171
384.8825713034767	-939.9546532877806
384.0031207104737	-940.830869063642
384.00150330190297	-941.7087022480745
383.12367011747045	-941.7070848395038
382.2442195244674	-942.5833006153655
382.24260211589666	-943.461133799798
381.3647689314641	-943.4595163912273
380.485318338461	-944.3357321670891
380.4837009298903	-945.2135653515214
379.6058677454581	-945.2119479429507
378.7264171524547	-946.0881637188124
378.724799743884	-946.9659969032448
376.0913001905869	-946.9611446775326
375.2118495975839	-947.8373604533942
375.2102321890132	-948.7151936378267
372.57673263571564	-948.7103414121145
371.69728204271274	-949.5865571879762
371.695664634142	-950.4643903724086
369.0621650808449	-950.4595381466964
368.1827144878415	-951.3357539225582
368.1810970792708	-952.2135871069906
365.5475975259737	-952.2087348812785
364.6681469329706	-953.0849506571401
364.6665295243999	-953.9627838415723
362.0330299711028	-953.9579316158603
361.15357937809955	-954.834147391722
361.1519619695288	-955.7119805761545
358.51846241623156	-955.7071283504423
357.63901182322866	-956.583344126304
357.63739441465793	-957.4611773107365
353.2482284924958	-957.4530902678829
352.3687778994925	-958.3293060437444
352.36716049092183	-959.2071392281767
351.48932730648966	-959.205521819606
350.60987671348624	-960.0817375954678
350.6082593049155	-960.9595707799002
347.9747597516184	-960.954718554188
347.09530915861535	-961.8309343300498
347.0936917500446	-962.7087675144821
344.4601921967475	-962.7039152887701
343.58074160374423	-963.5801310646318
343.5791241951735	-964.4579642490642
339.18995827301137	-964.4498772062105
338.31050768000847	-965.3260929820723
338.30889027143775	-966.2039261665046
333.9197243492757	-966.195839123651
333.0402737562723	-967.0720548995126
333.03865634770165	-967.9498880839451
319.8711585812157	-967.9256269553844
318.9917079882126	-968.8018427312461
318.9900905796419	-969.6796759156786
316.3565910263448	-969.6748236899664
315.4771404333414	-970.5510394658281
315.47552302477067	-971.4288726502604
312.84202347147357	-971.4240204245482
311.9625728784706	-972.3002362004098
311.9609554698999	-973.1780693848423
295.282124965684	-973.1473386219986
294.4026743726811	-974.0235543978604
294.39943955553963	-975.7792207667251
290.0102736333775	-975.7711337238715
289.1308230403742	-976.6473494997332
289.12920563180353	-977.5251826841657
282.984373340777	-977.5138608241707
282.10492274777357	-978.3900766000323
282.10330533920285	-979.2679097844648
279.46980578590575	-979.2630575587526
278.59035519290285	-980.1392733346141
278.5887377843321	-981.0171065190466
270.6882391244403	-981.0025498419101
269.80878853143724	-981.8787656177719
269.8071711228665	-982.7565988022044
222.40417916351652	-982.6692587393856
