%% Coordinates
-532.2108124008831	278.15947885561224
-530.4551430519438	276.4038095066732
-528.6994737030045	276.4038095066732
-525.1881350051261	272.8924708087945
-523.4324656561868	272.8924708087945
-519.921126958308	269.3811321109158
-514.6541189114903	269.3811321109158
-512.898449562551	267.6254627619768
-503.24226814338505	267.6254627619768
-501.4865987944457	269.3811321109158
-496.21959074762765	269.3811321109158
-494.4639213986886	271.1368014598551
-490.95258270080996	271.1368014598551
-489.1969133518706	272.8924708087945
-487.4412440029312	272.8924708087945
-485.6855746539922	274.64814015773385
-482.17423595611353	274.64814015773385
-480.41856660717417	276.4038095066732
-478.6628972582348	276.4038095066732
-476.9072279092958	278.15947885561224
-475.1515585603565	278.15947885561224
-471.64021986247775	281.6708175534909
-469.8845505135384	281.6708175534909
-468.1288811645994	283.42648690243027
-466.37321181566006	283.42648690243027
-462.86187311778133	286.9378256003086
-461.106203768842	286.9378256003086
-457.59486507096364	290.4491642981873
-455.8391957220243	290.4491642981873
-450.5721876752066	295.716172345005
-448.8165183262672	295.716172345005
-443.5495102794492	300.9831803918231
-441.79384093051016	300.9831803918231
-433.01549418581374	309.76152713651953
-431.2598248368744	309.76152713651953
-413.70313134748153	327.3182206259123
-413.70313134748153	329.0738899748517
-397.90210720702805	344.87491411530516
-397.90210720702805	346.6305834642445
-394.3907685091494	350.1419221621229
-394.3907685091494	351.8975915110622
-392.63509916021	353.6532608600016
-392.63509916021	355.40893020894094
-389.12376046233163	358.9202689068193
-389.12376046233163	361.55377293022815
-385.61242176445296	365.0651116281069
-385.61242176445296	366.8207809770462
-383.8567524155136	368.57645032598555
-383.8567524155136	370.33211967492457
-382.10108306657423	372.08778902386393
-382.10108306657423	373.8434583728033
-380.3454137176352	375.5991277217426
-380.3454137176352	377.35479707068197
-378.5897443686959	379.110466419621
-378.5897443686959	380.86613576856035
-376.83407501975654	382.6218051174997
-376.83407501975654	384.377474466439
-375.0784056708172	386.1331438153784
-375.0784056708172	389.6444825132568
-373.3227363218778	391.4001518621961
-373.3227363218778	405.44550665371025
-371.5670669729388	407.2011760026496
-371.5670669729388	412.46818404946765
-369.8113976239995	414.2238533984067
-369.8113976239995	415.979522747346
-366.30005892612076	419.4908614452247
-366.30005892612076	421.2465307941641
-364.5443895771814	423.0022001431031
-364.5443895771814	424.7578694920424
-362.7887202282424	426.51353884098177
-362.7887202282424	430.0248775388605
-361.03305087930306	431.78054688779946
-361.03305087930306	447.5815710282533
-359.2773815303637	449.3372403771923
-359.2773815303637	452.84857907507103
-357.52171218142433	454.6042484240104
-357.52171218142433	459.8712564708281
-355.766042832485	461.62692581976745
-355.766042832485	493.2289741006744
-354.010373483546	494.98464344961377
-354.010373483546	525.7088570560512
-355.766042832485	527.4645264049906
-355.766042832485	532.7315344518083
-357.52171218142433	534.4872038007477
-357.52171218142433	537.9985424986264
-359.2773815303637	539.7542118475654
-359.2773815303637	541.5098811965047
-362.7887202282424	545.0212198943834
-362.7887202282424	546.7768892433228
-371.5670669729388	555.5552359880193
-371.5670669729388	557.3109053369582
-373.3227363218778	559.0665746858975
-373.3227363218778	563.4557480582458
-375.0784056708172	565.2114174071851
-375.0784056708172	575.7454335008209
-376.83407501975654	577.5011028497603
-376.83407501975654	584.5237802455173
-378.5897443686959	586.2794495944567
-378.5897443686959	593.3021269902138
-380.3454137176352	595.0577963391531
-380.3454137176352	598.5691350370314
-382.10108306657423	600.3248043859708
-382.10108306657423	603.8361430838495
-383.8567524155136	605.5918124327885
-383.8567524155136	609.1031511306672
-385.61242176445296	610.8588204796066
-385.61242176445296	612.614489828546
-387.3680911133923	614.3701591774849
-387.3680911133923	616.1258285264242
-390.87942981127065	619.637167224303
-390.87942981127065	621.3928365732423
-394.3907685091494	624.9041752711207
-394.3907685091494	626.6598446200601
-399.6577765559671	631.9268526668777
-399.6577765559671	633.6825220158171
-404.9247846027851	638.9495300626352
-404.9247846027851	640.7051994115742
-410.19179264960286	645.9722074583922
-410.19179264960286	647.7278768073315
-415.4588006964209	652.9948848541493
-415.4588006964209	654.7505542030887
-431.2598248368744	670.5515783435421
-433.01549418581374	670.5515783435421
-440.0381715815708	677.5742557392992
-441.79384093051016	677.5742557392992
-457.59486507096364	693.3752798797527
-459.350534419903	693.3752798797527
-462.86187311778133	696.8866185776313
-464.6175424667207	696.8866185776313
-466.37321181566006	698.6422879265707
-469.8845505135384	698.6422879265707
-471.64021986247775	700.3979572755101
-475.1515585603565	700.3979572755101
-476.9072279092958	702.1536266244491
-480.41856660717417	702.1536266244491
-482.17423595611353	703.9092959733885
-485.6855746539922	703.9092959733885
-487.4412440029312	705.6649653223278
-490.95258270080996	705.6649653223278
-492.7082520497493	707.4206346712672
-497.975260096567	707.4206346712672
-499.7309294455064	709.1763040202065
-501.4865987944457	709.1763040202065
-503.24226814338505	710.9319733691455
-504.99793749232407	710.9319733691455
-506.75360684126343	712.6876427180848
-508.5092761902028	712.6876427180848
-512.0206148880815	716.1989814159635
-513.7762842370205	716.1989814159635
-515.5319535859599	717.9546507649029
-559.4236873094419	717.9546507649029
-561.1793566583813	716.1989814159635
-566.446364705199	716.1989814159635
-568.2020340541384	714.4433120670242
-569.9577034030776	714.4433120670242
-573.4690421009564	710.9319733691455
-575.2247114498954	710.9319733691455
-576.9803807988347	709.1763040202065
-578.7360501477741	709.1763040202065
-582.2473888456528	705.6649653223278
-584.0030581945919	705.6649653223278
-585.7587275435312	703.9092959733885
-587.5143968924705	703.9092959733885
-589.2700662414098	702.1536266244491
-591.0257355903492	702.1536266244491
-594.5370742882276	698.6422879265707
-596.292743637167	698.6422879265707
-598.0484129861063	696.8866185776313
-599.8040823350457	696.8866185776313
-619.1164451733774	677.5742557392992
-619.1164451733774	675.8185863903599
-620.8721145223168	674.0629170414209
-620.8721145223168	672.3072476924815
-622.6277838712562	670.5515783435421
-622.6277838712562	668.7959089946028
-624.3834532201955	667.0402396456634
-624.3834532201955	665.2845702967244
-626.1391225691349	663.528900947785
-628.7726265925437	663.528900947785
-630.5282959414831	665.2845702967244
-640.184477360649	665.2845702967244
-641.9401467095884	663.528900947785
-647.2071547564061	663.528900947785
-648.9628241053455	661.7732315988458
-650.7184934542847	661.7732315988458
-652.4741628032241	660.0175622499064
-654.2298321521631	660.0175622499064
-657.7411708500418	656.506223552028
-659.4968401989812	656.506223552028
-661.2525095479206	654.7505542030887
-663.0081788968596	654.7505542030887
-664.763848245799	652.9948848541493
-666.5195175947383	652.9948848541493
-668.2751869436776	651.2392155052099
-670.0308562926169	651.2392155052099
-678.8092030373134	642.4608687605136
-678.8092030373134	640.7051994115742
-680.5648723862524	638.9495300626352
-680.5648723862524	637.1938607136958
-682.3205417351918	635.4381913647564
-682.3205417351918	628.4155139689994
-684.076211084131	626.6598446200601
-684.076211084131	617.0036632008942
-682.3205417351918	615.2479938519548
-682.3205417351918	608.2253164561977
-680.5648723862524	606.4696471072583
-680.5648723862524	602.9583084093797
-678.8092030373134	601.2026390604403
-678.8092030373134	599.4469697115013
-677.053533688374	597.691300362562
-677.053533688374	595.9356310136226
-675.2978643394347	594.1799616646832
-675.2978643394347	592.4242923157439
-673.5421949904953	590.6686229668048
-673.5421949904953	588.9129536178655
-671.786525641556	588.0351189433957
-673.5421949904953	586.2794495944567
-677.053533688374	586.2794495944567
-678.8092030373134	584.5237802455173
-680.5648723862524	584.5237802455173
-694.6102271777669	570.4784254540028
-694.6102271777669	566.9670867561244
-696.3658965267063	565.2114174071851
-696.3658965267063	552.0438972901405
-698.1215658756453	550.2882279412012
-698.1215658756453	539.7542118475654
-699.8772352245845	537.9985424986264
-699.8772352245845	515.1748409624155
-701.6329045735239	513.4191716134761
-701.6329045735239	483.5727926815085
-703.3885739224633	481.8171233325691
-703.3885739224633	478.30578463469044
-705.1442432714025	476.5501152857514
-705.1442432714025	474.79444593681205
-706.8999126203419	473.0387765878727
-706.8999126203419	469.52743788999436
-708.655581969281	467.771768541055
-708.655581969281	449.3372403771923
-706.8999126203419	447.5815710282533
-706.8999126203419	444.0702323303746
-705.1442432714025	442.31456298143524
-705.1442432714025	440.5588936324959
-703.3885739224633	438.8032242835569
-703.3885739224633	437.04755493461755
-701.6329045735239	435.2918855856782
-701.6329045735239	421.2465307941641
-699.8772352245845	419.4908614452247
-699.8772352245845	414.2238533984067
-698.1215658756453	412.46818404946765
-698.1215658756453	410.7125147005283
-696.3658965267063	408.9568453515889
-696.3658965267063	403.68983730477123
-694.6102271777669	401.93416795583187
-694.6102271777669	400.1784986068925
-692.8545578288275	398.4228292579532
-692.8545578288275	396.66715990901383
-691.0988884798882	394.9114905600748
-691.0988884798882	393.15582121113545
-689.3432191309488	391.4001518621961
-689.3432191309488	389.6444825132568
-684.076211084131	384.377474466439
-684.076211084131	382.6218051174997
-682.3205417351918	380.86613576856035
-682.3205417351918	379.110466419621
-680.5648723862524	377.35479707068197
-680.5648723862524	375.5991277217426
-677.053533688374	372.08778902386393
-677.053533688374	370.33211967492457
-673.5421949904953	366.8207809770462
-673.5421949904953	365.0651116281069
-670.0308562926169	361.55377293022815
-670.0308562926169	360.67593825575864
-666.5195175947383	357.16459955787997
-666.5195175947383	355.40893020894094
-663.0081788968596	351.8975915110622
-663.0081788968596	350.1419221621229
-657.7411708500418	344.87491411530516
-657.7411708500418	343.1192447663658
-654.2298321521631	339.6079060684871
-654.2298321521631	337.8522367195481
-647.2071547564061	330.8295593237907
-647.2071547564061	329.0738899748517
-638.4288080117096	320.29554323015526
-638.4288080117096	318.5398738812159
-636.6731386627703	316.7842045322766
-636.6731386627703	315.0285351833372
-633.161799964892	311.51719648545884
-633.161799964892	309.76152713651953
-627.8947919180739	304.49451908970144
-627.8947919180739	302.7388497407624
-619.1164451733774	293.960502996066
-617.3607758244385	293.960502996066
-605.0710903818633	281.6708175534909
-603.315421032924	281.6708175534909
-598.0484129861063	276.4038095066732
-596.292743637167	276.4038095066732
-594.5370742882276	274.64814015773385
-592.7814049392882	274.64814015773385
-591.0257355903492	272.8924708087945
-587.5143968924705	272.8924708087945
-585.7587275435312	271.1368014598551
-580.4917194967135	271.1368014598551
-578.7360501477741	269.3811321109158
-573.4690421009564	269.3811321109158
-571.713372752017	267.6254627619768
-569.9577034030776	267.6254627619768
-568.2020340541384	265.8697934130374
-564.69069535626	265.8697934130374
-562.9350260073206	264.11412406409806
-549.767505890276	264.11412406409806
-548.0118365413366	265.8697934130374
-546.2561671923972	265.8697934130374
-533.9664817498225	278.15947885561224
-532.2108124008831	278.15947885561224
