%% Coordinates
-97.68264853841055	577.5011028497603
-97.68264853841055	578.3789375242297
-98.56048321288004	579.2567721986993
-104.7053259341676	579.2567721986993
-104.7053259341676	580.1346068731691
-105.58316060863712	581.0124415476387
-109.97233398098533	581.0124415476387
-109.97233398098533	581.8902762221085
-110.85016865545516	582.7681108965779
-115.23934202780337	582.7681108965779
-115.23934202780337	583.6459455710475
-116.11717670227289	584.5237802455173
-122.26201942356043	584.5237802455173
-122.26201942356043	585.4016149199869
-123.13985409802994	586.2794495944567
-142.45221693636213	586.2794495944567
-142.45221693636213	587.1572842689262
-143.33005161083196	588.0351189433957
-174.05426521726943	588.0351189433957
-174.05426521726943	588.9129536178655
-174.93209989173894	589.790788292335
-182.83261196196585	589.790788292335
-182.83261196196585	590.6686229668048
-183.71044663643536	591.5464576412744
-188.09962000878355	591.5464576412744
-188.09962000878355	592.4242923157439
-188.97745468325306	593.3021269902138
-191.61095870666225	593.3021269902138
-191.61095870666225	594.1799616646832
-192.48879338113176	595.0577963391531
-196.87796675347997	595.0577963391531
-196.87796675347997	595.9356310136226
-197.75580142794948	596.8134656880922
-200.38930545135867	596.8134656880922
-200.38930545135867	597.691300362562
-201.26714012582818	598.5691350370314
-205.6563134981764	598.5691350370314
-205.6563134981764	599.4469697115013
-206.5341481726459	600.3248043859708
-210.9233215449941	600.3248043859708
-210.9233215449941	601.2026390604403
-211.80115621946396	602.0804737349101
-214.4346602428728	602.0804737349101
-214.4346602428728	602.9583084093797
-215.31249491734232	603.8361430838495
-217.9459989407515	603.8361430838495
-217.9459989407515	604.7139777583191
-218.82383361522102	605.5918124327885
-221.45733763862987	605.5918124327885
-221.45733763862987	606.4696471072583
-222.33517231309972	607.3474817817279
-224.96867633650857	607.3474817817279
-224.96867633650857	608.2253164561977
-225.84651101097808	609.1031511306672
-230.2356843833263	609.1031511306672
-230.2356843833263	609.9809858051367
-231.11351905779614	610.8588204796066
-233.747023081205	610.8588204796066
-233.747023081205	611.7366551540761
-234.6248577556745	612.614489828546
-237.25836177908334	612.614489828546
-237.25836177908334	613.4923245030154
-238.1361964535532	614.3701591774849
-240.76970047696204	614.3701591774849
-240.76970047696204	615.2479938519548
-241.64753515143155	616.1258285264242
-242.5253698259014	616.1258285264242
-242.5253698259014	617.0036632008942
-243.40320450037092	617.8814978753636
-246.03670852377977	617.8814978753636
-246.03670852377977	618.7593325498332
-246.91454319824962	619.637167224303
-247.79237787271913	619.637167224303
-247.79237787271913	620.5150018987725
-248.67021254718895	621.3928365732423
-249.54804722165846	621.3928365732423
-249.54804722165846	622.2706712477118
-250.42588189612798	623.1485059221814
-251.30371657059783	623.1485059221814
-251.30371657059783	624.0263405966512
-252.18155124506734	624.9041752711207
-253.05938591953716	624.9041752711207
-253.05938591953716	625.7820099455905
-253.93722059400667	626.6598446200601
-254.8150552684762	626.6598446200601
-254.8150552684762	627.5376792945295
-255.69288994294604	628.4155139689994
-258.32639396635494	628.4155139689994
-258.32639396635494	629.2933486434689
-259.2042286408244	630.1711833179387
-260.08206331529425	630.1711833179387
-260.08206331529425	631.0490179924083
-260.95989798976376	631.9268526668777
-261.8377326642336	631.9268526668777
-261.8377326642336	632.8046873413476
-262.7155673387031	633.6825220158171
-265.349071362112	633.6825220158171
-265.349071362112	634.560356690287
-266.2269060365818	635.4381913647564
-267.1047407110513	635.4381913647564
-267.1047407110513	636.316026039226
-267.9825753855208	637.1938607136958
-268.86041005999067	637.1938607136958
-268.86041005999067	638.0716953881653
-269.7382447344602	638.9495300626352
-272.37174875786906	638.9495300626352
-272.37174875786906	639.8273647371046
-273.2495834323389	640.7051994115742
-274.1274181068084	640.7051994115742
-274.1274181068084	641.583034086044
-275.0052527812782	642.4608687605136
-275.8830874557477	642.4608687605136
-275.8830874557477	643.3387034349834
-276.76092213021724	644.2165381094529
-277.6387568046871	644.2165381094529
-277.6387568046871	645.0943727839224
-278.5165914791566	645.9722074583922
-279.39442615362645	645.9722074583922
-279.39442615362645	646.8500421328617
-280.27226082809597	647.7278768073315
-281.1500955025655	647.7278768073315
-281.1500955025655	648.6057114818011
-282.02793017703533	649.4835461562706
-282.90576485150484	649.4835461562706
-282.90576485150484	650.3613808307405
-283.78359952597464	651.2392155052099
-284.66143420044415	651.2392155052099
-284.66143420044415	652.1170501796798
-285.53926887491366	652.9948848541493
-286.4171035493835	652.9948848541493
-286.4171035493835	653.8727195286189
-287.294938223853	654.7505542030887
-288.1727728983229	654.7505542030887
-288.1727728983229	655.6283888775581
-289.0506075727924	656.506223552028
-289.9284422472619	656.506223552028
-289.9284422472619	657.3840582264975
-290.8062769217317	658.261892900967
-291.6841115962012	658.261892900967
-291.6841115962012	659.1397275754368
-292.56194627067106	660.0175622499064
-293.43978094514057	660.0175622499064
-293.43978094514057	660.8953969243762
-294.3176156196101	661.7732315988458
-295.19545029407993	661.7732315988458
-295.19545029407993	662.6510662733152
-296.07328496854944	663.528900947785
-296.9511196430193	663.528900947785
-296.9511196430193	664.4067356222546
-297.8289543174888	665.2845702967244
-298.7067889919583	665.2845702967244
-298.7067889919583	666.162404971194
-299.5846236664281	667.0402396456634
-300.4624583408976	667.0402396456634
-300.4624583408976	667.9180743201333
-301.3402930153675	668.7959089946028
-302.218127689837	668.7959089946028
-302.218127689837	669.6737436690726
-303.0959623643065	670.5515783435421
-303.97379703877635	670.5515783435421
-303.97379703877635	671.4294130180116
-304.85163171324587	672.3072476924815
-305.7294663877157	672.3072476924815
-305.7294663877157	673.185082366951
-306.60730106218523	674.0629170414209
-307.48513573665474	674.0629170414209
-307.48513573665474	674.9407517158903
-308.36297041112454	675.8185863903599
-309.24080508559405	675.8185863903599
-309.24080508559405	676.6964210648297
-310.1186397600639	677.5742557392992
-310.9964744345334	677.5742557392992
-310.9964744345334	678.452090413769
-311.8743091090029	679.3299250882385
-312.7521437834728	679.3299250882385
-312.7521437834728	680.2077597627081
-313.6299784579423	681.0855944371779
-314.50781313241214	681.0855944371779
-314.50781313241214	681.9634291116474
-315.3856478068816	682.8412637861172
-316.2634824813511	682.8412637861172
-316.2634824813511	683.7190984605868
-317.14131715582096	684.5969331350562
-318.01915183029047	684.5969331350562
-318.01915183029047	685.4747678095262
-318.8969865047603	686.3526024839956
-319.77482117922983	686.3526024839956
-319.77482117922983	688.9861065074044
-320.65265585369934	689.8639411818743
-321.5304905281692	689.8639411818743
-321.5304905281692	697.7644532521009
-322.4083252026387	698.6422879265707
-323.2861598771085	698.6422879265707
-323.2861598771085	706.5427999967973
-324.163994551578	707.4206346712672
-325.0418292260475	707.4206346712672
-325.0418292260475	710.054138694676
-325.9196639005174	710.9319733691455
-326.7974985749869	710.9319733691455
-326.7974985749869	711.8098080436154
-327.67533324945674	712.6876427180848
-328.55316792392625	712.6876427180848
-328.55316792392625	713.5654773925547
-329.43100259839576	714.4433120670242
-330.3088372728656	714.4433120670242
-330.3088372728656	717.0768160904331
-331.1866719473351	717.9546507649029
-332.0645066218049	717.9546507649029
-332.0645066218049	718.8324854393724
-332.94234129627444	719.7103201138419
-333.82017597074395	719.7103201138419
-333.82017597074395	725.8551628351295
-334.6980106452138	726.7329975095993
-336.45367999415316	726.7329975095993
-336.45367999415316	729.3665015330082
-337.3315146686227	730.2443362074777
-338.2093493430922	730.2443362074777
-338.2093493430922	732.8778402308866
-339.08718401756204	733.7556749053564
-339.9650186920315	733.7556749053564
-339.9650186920315	734.633509579826
-340.84285336650134	735.5113442542958
-341.72068804097086	735.5113442542958
-341.72068804097086	736.3891789287652
-342.59852271544037	737.2670136032348
-343.4763573899102	737.2670136032348
-343.4763573899102	738.1448482777046
-344.35419206437973	739.0226829521741
-346.9876960877886	739.0226829521741
-346.9876960877886	739.9005176266439
-347.8655307622584	740.7783523011135
-350.4990347856673	740.7783523011135
-350.4990347856673	741.656186975583
-351.3768694601368	742.5340216500528
-352.25470413460664	742.5340216500528
-352.25470413460664	743.4118563245223
-353.13253880907615	744.2896909989921
-355.766042832485	744.2896909989921
-355.766042832485	745.1675256734617
-356.6438775069548	746.0453603479311
-357.52171218142433	746.0453603479311
-357.52171218142433	746.923195022401
-358.3995468558942	747.8010296968705
-359.2773815303637	747.8010296968705
-359.2773815303637	751.3123683947492
-360.1552162048332	752.1902030692187
-361.03305087930306	752.1902030692187
-361.03305087930306	753.0680377436886
-361.9108855537726	753.945872418158
-362.7887202282424	753.945872418158
-362.7887202282424	758.3350457905063
-363.66655490271194	759.2128804649758
-364.5443895771814	759.2128804649758
-364.5443895771814	767.1133925352027
-365.42222425165124	767.9912272096722
-366.30005892612076	767.9912272096722
-366.30005892612076	781.1587473267168
-367.1778936005906	782.0365820011864
-368.0557282750601	782.0365820011864
-368.0557282750601	795.2041021182309
-368.93356294952963	796.0819367927012
-369.8113976239995	796.0819367927012
-369.8113976239995	805.7381182118671
-368.93356294952963	805.7381182118671
-368.0557282750601	806.6159528863366
-368.0557282750601	840.8515051906527
-368.93356294952963	841.7293398651223
-369.8113976239995	841.7293398651223
-369.8113976239995	858.4081986800455
-368.93356294952963	858.4081986800455
-368.0557282750601	859.2860333545151
-368.0557282750601	863.6752067268633
-367.1778936005906	863.6752067268633
-366.30005892612076	864.5530414013327
-366.30005892612076	867.186545424742
-365.42222425165124	867.186545424742
-364.5443895771814	868.0643800992115
-364.5443895771814	879.4762308673171
-363.66655490271194	879.4762308673171
-362.7887202282424	880.3540655417866
-362.7887202282424	886.4989082630739
-361.9108855537726	886.4989082630739
-361.03305087930306	887.3767429375433
-361.03305087930306	891.7659163098915
-360.1552162048332	891.7659163098915
-359.2773815303637	892.6437509843618
-359.2773815303637	897.0329243567099
-358.3995468558942	897.0329243567099
-357.52171218142433	897.9107590311794
-357.52171218142433	902.2999324035277
-356.6438775069548	902.2999324035277
-355.766042832485	903.1777670779971
-355.766042832485	911.078279148224
-354.8882081580155	911.078279148224
-354.010373483546	911.9561138226936
-354.010373483546	916.3452871950418
-353.13253880907615	916.3452871950418
-352.25470413460664	917.2231218695113
-352.25470413460664	919.8566258929205
-351.3768694601368	919.8566258929205
-350.4990347856673	920.73446056739
-350.4990347856673	923.3679645907991
-349.62120011119777	923.3679645907991
-348.7433654367279	924.2457992652687
-348.7433654367279	926.8793032886772
-347.8655307622584	926.8793032886772
-346.9876960877886	927.7571379631473
-346.9876960877886	928.6349726376169
-346.1098614133191	928.6349726376169
-345.2320267388496	929.5128073120864
-345.2320267388496	932.1463113354956
-344.35419206437973	932.1463113354956
-343.4763573899102	933.0241460099651
-343.4763573899102	933.9019806844346
-342.59852271544037	933.9019806844346
-341.72068804097086	934.7798153589041
-341.72068804097086	937.4133193823133
-340.84285336650134	937.4133193823133
-339.9650186920315	938.2911540567828
-339.9650186920315	939.1689887312523
-339.08718401756204	939.1689887312523
-338.2093493430922	940.0468234057219
-338.2093493430922	941.8024927546616
-337.3315146686227	941.8024927546616
-336.45367999415316	942.680327429131
-336.45367999415316	943.5581621036006
-334.6980106452138	943.5581621036006
-333.82017597074395	944.43599677807
-333.82017597074395	945.3138314525402
-332.94234129627444	945.3138314525402
-332.0645066218049	946.1916661270097
-332.0645066218049	947.0695008014792
-331.1866719473351	947.0695008014792
-330.3088372728656	947.9473354759488
-330.3088372728656	948.8251701504182
-329.43100259839576	948.8251701504182
-328.55316792392625	949.7030048248885
-328.55316792392625	952.336508848297
-327.67533324945674	952.336508848297
-326.7974985749869	953.2143435227665
-326.7974985749869	954.0921781972366
-325.9196639005174	954.0921781972366
-325.0418292260475	954.9700128717061
-325.0418292260475	955.8478475461757
-324.163994551578	955.8478475461757
-323.2861598771085	956.7256822206451
-323.2861598771085	957.6035168951147
-322.4083252026387	957.6035168951147
-321.5304905281692	958.4813515695848
-321.5304905281692	961.1148555929934
-320.65265585369934	961.1148555929934
-319.77482117922983	961.9926902674629
-319.77482117922983	962.870524941933
-318.8969865047603	962.870524941933
-318.01915183029047	963.7483596164026
-318.01915183029047	964.626194290872
-317.14131715582096	964.626194290872
-316.2634824813511	965.5040289653416
-316.2634824813511	966.3818636398111
-313.6299784579423	966.3818636398111
-312.7521437834728	967.2596983142813
-312.7521437834728	968.1375329887508
-311.8743091090029	968.1375329887508
-310.9964744345334	969.0153676632203
-310.9964744345334	969.8932023376898
-308.36297041112454	969.8932023376898
-307.48513573665474	970.7710370121592
-307.48513573665474	971.6488716866295
-306.60730106218523	971.6488716866295
-305.7294663877157	972.526706361099
-305.7294663877157	973.4045410355685
-303.0959623643065	973.4045410355685
-302.218127689837	974.282375710038
-302.218127689837	975.1602103845075
-297.8289543174888	975.1602103845075
-296.9511196430193	976.0380450589777
-296.9511196430193	976.9158797334471
-294.3176156196101	976.9158797334471
-293.43978094514057	977.7937144079167
-293.43978094514057	978.6715490823862
-290.8062769217317	978.6715490823862
-289.9284422472619	979.5493837568557
-289.9284422472619	980.4272184313259
-289.0506075727924	980.4272184313259
-288.1727728983229	981.3050531057954
-288.1727728983229	982.1828877802649
-285.53926887491366	982.1828877802649
-284.66143420044415	983.0607224547344
-284.66143420044415	983.9385571292039
-282.02793017703533	983.9385571292039
-281.1500955025655	984.816391803674
-281.1500955025655	985.6942264781436
-278.5165914791566	985.6942264781436
-277.6387568046871	986.5720611526131
-277.6387568046871	987.4498958270826
-273.2495834323389	987.4498958270826
-272.37174875786906	988.3277305015521
-272.37174875786906	989.2055651760223
-266.2269060365818	989.2055651760223
-265.349071362112	990.0833998504918
-265.349071362112	990.9612345249614
-255.69288994294604	990.9612345249614
-254.8150552684762	991.8390691994308
-254.8150552684762	992.7169038739004
-246.91454319824962	992.7169038739004
-246.03670852377977	993.5947385483705
-246.03670852377977	994.47257322284
-241.64753515143155	994.47257322284
-240.76970047696204	995.3504078973095
-240.76970047696204	996.228242571779
-238.1361964535532	996.228242571779
-237.25836177908334	997.1060772462486
-237.25836177908334	997.9839119207187
-234.6248577556745	997.9839119207187
-233.747023081205	998.8617465951883
-233.747023081205	999.7395812696577
-231.11351905779614	999.7395812696577
-230.2356843833263	1000.6174159441273
-230.2356843833263	1001.4952506185967
-197.75580142794948	1001.4952506185967
-196.87796675347997	1002.3730852930669
-196.87796675347997	1003.2509199675364
-188.97745468325306	1003.2509199675364
-188.09962000878355	1004.1287546420059
-188.09962000878355	1005.0065893164755
-174.93209989173894	1005.0065893164755
-174.93209989173894	1004.1287546420059
-174.05426521726943	1003.2509199675364
-164.39808379810316	1003.2509199675364
-164.39808379810316	1002.3730852930669
-163.52024912363365	1001.4952506185967
-155.61973705340677	1001.4952506185967
-155.61973705340677	1000.6174159441273
-154.74190237893725	999.7395812696577
-148.59705965764968	999.7395812696577
-148.59705965764968	998.8617465951883
-147.71922498318017	997.9839119207187
-143.33005161083196	997.9839119207187
-143.33005161083196	997.1060772462486
-142.45221693636213	996.228242571779
-141.57438226189262	996.228242571779
-141.57438226189262	995.3504078973095
-140.69654758742277	994.47257322284
-137.1852088895444	994.47257322284
-137.1852088895444	993.5947385483705
-136.30737421507456	992.7169038739004
-133.6738701916657	992.7169038739004
-133.6738701916657	991.8390691994308
-132.7960355171962	990.9612345249614
-131.91820084272635	990.9612345249614
-131.91820084272635	990.0833998504918
-131.04036616825687	989.2055651760223
-128.406862144848	989.2055651760223
-128.406862144848	988.3277305015521
-127.52902747037815	987.4498958270826
-126.65119279590864	987.4498958270826
-126.65119279590864	986.5720611526131
-125.77335812143913	985.6942264781436
-124.89552344696929	985.6942264781436
-124.89552344696929	984.816391803674
-124.01768877249978	983.9385571292039
-121.38418474909093	983.9385571292039
-121.38418474909093	983.0607224547344
-120.50635007462108	982.1828877802649
-119.62851540015158	982.1828877802649
-119.62851540015158	981.3050531057954
-118.75068072568173	980.4272184313259
-116.11717670227289	980.4272184313259
-116.11717670227289	979.5493837568557
-115.23934202780337	978.6715490823862
-114.36150735333354	978.6715490823862
-114.36150735333354	977.7937144079167
-113.48367267886402	976.9158797334471
-110.85016865545516	976.9158797334471
-110.85016865545516	976.0380450589777
-109.97233398098533	975.1602103845075
-95.04914451500169	975.1602103845075
-94.17130984053183	976.0380450589777
-94.17130984053183	976.9158797334471
-91.53780581712299	976.9158797334471
-90.65997114265348	977.7937144079167
-90.65997114265348	978.6715490823862
-89.78213646818364	978.6715490823862
-88.90430179371413	979.5493837568557
-88.90430179371413	980.4272184313259
-86.27079777030526	980.4272184313259
-85.39296309583543	981.3050531057954
-85.39296309583543	982.1828877802649
-82.75945907242657	982.1828877802649
-81.88162439795705	983.0607224547344
-81.88162439795705	983.9385571292039
-79.24812037454787	983.9385571292039
-78.37028570007836	984.816391803674
-78.37028570007836	985.6942264781436
-70.46977362985145	985.6942264781436
-70.46977362985145	984.816391803674
-69.59193895538195	983.9385571292039
-65.20276558303374	983.9385571292039
-65.20276558303374	983.0607224547344
-64.32493090856423	982.1828877802649
-59.93575753621602	982.1828877802649
-59.93575753621602	981.3050531057954
-59.057922861746185	980.4272184313259
-56.424418838337324	980.4272184313259
-56.424418838337324	979.5493837568557
-55.54658416386781	978.6715490823862
-52.913080140458625	978.6715490823862
-52.913080140458625	977.7937144079167
-52.035245465989114	976.9158797334471
-49.40174144258026	976.9158797334471
-49.40174144258026	976.0380450589777
-48.523906768110415	975.1602103845075
-45.89040274470156	975.1602103845075
-45.89040274470156	974.282375710038
-45.01256807023205	973.4045410355685
-42.379064046823196	973.4045410355685
-42.379064046823196	972.526706361099
-41.50122937235335	971.6488716866295
-40.62339469788384	971.6488716866295
-40.62339469788384	970.7710370121592
-39.745560023414	969.8932023376898
-37.11205600000514	969.8932023376898
-37.11205600000514	969.0153676632203
-36.234221325535636	968.1375329887508
-33.600717302126775	968.1375329887508
-33.600717302126775	967.2596983142813
-32.72288262765694	966.3818636398111
-31.845047953187425	966.3818636398111
-31.845047953187425	965.5040289653416
-30.967213278717587	964.626194290872
-28.333709255308726	964.626194290872
-28.333709255308726	963.7483596164026
-27.455874580839218	962.870524941933
-24.82237055743036	962.870524941933
-24.82237055743036	961.9926902674629
-23.94453588296052	961.1148555929934
-21.31103185955166	961.1148555929934
-21.31103185955166	960.2370209185239
-20.43319718508215	959.3591862440544
-19.555362510612312	959.3591862440544
-19.555362510612312	958.4813515695848
-18.6775278361428	957.6035168951147
-16.044023812733943	957.6035168951147
-16.044023812733943	956.7256822206451
-15.166189138264102	955.8478475461757
-14.288354463794592	955.8478475461757
-14.288354463794592	954.9700128717061
-13.410519789324752	954.0921781972366
-12.532685114855243	954.0921781972366
-12.532685114855243	953.2143435227665
-11.654850440385735	952.336508848297
-9.021346416976543	952.336508848297
-9.021346416976543	951.4586741738275
-8.143511742507036	950.5808394993579
-7.265677068037526	950.5808394993579
-7.265677068037526	949.7030048248885
-6.387842393567685	948.8251701504182
-5.510007719098176	948.8251701504182
-5.510007719098176	947.9473354759488
-4.632173044628336	947.0695008014792
-3.7543383701588273	947.0695008014792
-3.7543383701588273	946.1916661270097
-2.8765036956893186	945.3138314525402
-1.9986690212194773	945.3138314525402
-1.9986690212194773	944.43599677807
-1.1208343467499688	943.5581621036006
-0.24299967228012756	943.5581621036006
-0.24299967228012756	940.0468234057219
0.6348350021893809	939.1689887312523
1.5126696766588894	939.1689887312523
1.5126696766588894	938.2911540567828
2.3905043511287305	937.4133193823133
3.268339025598239	937.4133193823133
3.268339025598239	934.7798153589041
4.146173700068081	933.9019806844346
5.02400837453759	933.9019806844346
5.02400837453759	931.2684766610254
5.901843049007098	930.3906419865559
6.779677723476939	930.3906419865559
6.779677723476939	929.5128073120864
7.657512397946448	928.6349726376169
8.53534707241629	928.6349726376169
8.53534707241629	927.7571379631473
9.413181746885797	926.8793032886772
10.291016421355305	926.8793032886772
10.291016421355305	926.0014686142077
11.168851095825147	925.1236339397382
13.802355119234006	925.1236339397382
13.802355119234006	924.2457992652687
14.680189793703514	923.3679645907991
17.313693817112703	923.3679645907991
17.313693817112703	922.490129916329
18.19152849158221	921.6122952418594
22.58070186393042	921.6122952418594
22.58070186393042	920.73446056739
23.45853653839993	919.8566258929205
24.336371212869768	919.8566258929205
24.336371212869768	918.978791218451
25.21420588733928	918.1009565439808
27.847709910748137	918.1009565439808
27.847709910748137	917.2231218695113
28.72554458521798	916.3452871950418
29.603379259687486	916.3452871950418
29.603379259687486	915.4674525205722
30.481213934157328	914.5896178461028
31.359048608626836	914.5896178461028
31.359048608626836	913.7117831716325
32.23688328309635	912.8339484971631
33.114717957566185	912.8339484971631
33.114717957566185	911.9561138226936
33.9925526320357	911.078279148224
34.870387306505535	911.078279148224
34.870387306505535	910.2004444737546
35.748221980975046	909.3226097992844
36.62605665544455	909.3226097992844
36.62605665544455	906.6891057758759
37.503891329914396	905.8112711014063
38.3817260043839	905.8112711014063
38.3817260043839	904.9334364269362
39.259560678853745	904.0556017524667
40.13739535332325	904.0556017524667
40.13739535332325	903.1777670779971
41.01523002779276	902.2999324035277
41.8930647022626	902.2999324035277
41.8930647022626	901.4220977290581
42.77089937673211	900.544263054588
43.64873405120195	900.544263054588
43.64873405120195	897.9107590311794
44.52656872567146	897.0329243567099
45.40440340014097	897.0329243567099
45.40440340014097	896.1550896822398
46.28223807461081	895.2772550077702
47.16007274908032	895.2772550077702
47.16007274908032	894.3994203333008
48.03790742355016	893.5215856588312
48.91574209801967	893.5215856588312
48.91574209801967	892.6437509843618
49.793576772489175	891.7659163098915
50.67141144695902	891.7659163098915
50.67141144695902	890.888081635422
51.549246121428524	890.0102469609525
52.42708079589837	890.0102469609525
52.42708079589837	887.3767429375433
53.304915470367874	886.4989082630739
54.182750144837385	886.4989082630739
54.182750144837385	883.8654042396653
55.06058481930722	882.9875695651951
56.81625416824657	882.9875695651951
56.81625416824657	878.598396192847
57.694088842716084	877.7205615183774
58.571923517185596	877.7205615183774
58.571923517185596	875.0870574949689
59.449758191655434	874.2092228204987
60.327592866124945	874.2092228204987
60.327592866124945	873.3313881460292
61.20542754059478	872.4535534715596
62.083262215064295	872.4535534715596
62.083262215064295	871.5757187970902
62.9610968895338	870.6978841226207
63.838931564003644	870.6978841226207
63.838931564003644	868.0643800992115
64.71676623847316	867.186545424742
65.594600912943	867.186545424742
65.594600912943	862.7973720523938
66.4724355874125	861.9195373779243
67.35027026188202	861.9195373779243
67.35027026188202	861.0417027034541
68.22810493635185	860.1638680289846
69.10593961082137	860.1638680289846
69.10593961082137	855.7746946566364
69.9837742852912	854.8968599821669
70.86160895976072	854.8968599821669
70.86160895976072	850.5076866098186
71.73944363423023	849.6298519353492
72.61727830870007	849.6298519353492
72.61727830870007	846.99634791194
73.49511298316958	846.1185132374704
74.37294765763941	846.1185132374704
74.37294765763941	843.4850092140613
75.25078233210893	842.6071745395917
76.12861700657844	842.6071745395917
76.12861700657844	839.9736705161832
77.00645168104828	839.0958358417131
77.88428635551779	839.0958358417131
77.88428635551779	832.9509931204258
77.00645168104828	832.9509931204258
76.12861700657844	832.0731584459563
76.12861700657844	824.1726463757294
77.00645168104828	823.2948117012598
77.88428635551779	823.2948117012598
77.88428635551779	813.638630282094
78.76212102998763	812.7607956076238
79.63995570445714	812.7607956076238
79.63995570445714	808.3716222352756
80.51779037892663	807.4937875608061
81.39562505339649	807.4937875608061
81.39562505339649	796.0819367927012
80.51779037892663	796.0819367927012
79.63995570445714	795.2041021182309
79.63995570445714	792.5705980948225
78.76212102998763	792.5705980948225
77.88428635551779	791.6927634203529
77.88428635551779	787.3035900480047
77.00645168104828	787.3035900480047
76.12861700657844	786.4257553735346
76.12861700657844	782.0365820011864
75.25078233210893	782.0365820011864
74.37294765763941	781.1587473267168
74.37294765763941	760.9685498139152
73.49511298316958	760.9685498139152
72.61727830870007	760.0907151394456
72.61727830870007	744.2896909989921
71.73944363423023	744.2896909989921
70.86160895976072	743.4118563245223
70.86160895976072	739.0226829521741
69.9837742852912	739.0226829521741
69.10593961082137	738.1448482777046
69.10593961082137	735.5113442542958
68.22810493635185	735.5113442542958
67.35027026188202	734.633509579826
67.35027026188202	733.7556749053564
66.4724355874125	733.7556749053564
65.594600912943	732.8778402308866
65.594600912943	732.000005556417
62.9610968895338	732.000005556417
62.083262215064295	731.1221708819476
62.083262215064295	730.2443362074777
61.20542754059478	730.2443362074777
60.327592866124945	729.3665015330082
60.327592866124945	728.4886668585383
57.694088842716084	728.4886668585383
56.81625416824657	727.6108321840688
56.81625416824657	726.7329975095993
53.304915470367874	726.7329975095993
52.42708079589837	725.8551628351295
52.42708079589837	724.97732816066
49.793576772489175	724.97732816066
48.91574209801967	724.0994934861901
48.91574209801967	723.2216588117207
46.28223807461081	723.2216588117207
45.40440340014097	722.3438241372511
45.40440340014097	721.4659894627813
44.52656872567146	721.4659894627813
43.64873405120195	720.5881547883117
43.64873405120195	719.7103201138419
42.77089937673211	719.7103201138419
41.8930647022626	718.8324854393724
41.8930647022626	717.9546507649029
41.01523002779276	717.9546507649029
40.13739535332325	717.0768160904331
40.13739535332325	716.1989814159635
39.259560678853745	716.1989814159635
38.3817260043839	715.3211467414937
38.3817260043839	710.9319733691455
37.503891329914396	710.9319733691455
36.62605665544455	710.054138694676
36.62605665544455	703.9092959733885
37.503891329914396	703.0314612989189
38.3817260043839	703.0314612989189
38.3817260043839	700.3979572755101
39.259560678853745	699.5201226010403
40.13739535332325	699.5201226010403
40.13739535332325	696.8866185776313
41.01523002779276	696.0087839031619
43.64873405120195	696.0087839031619
43.64873405120195	695.130949228692
44.52656872567146	694.2531145542225
45.40440340014097	694.2531145542225
45.40440340014097	693.3752798797527
46.28223807461081	692.4974452052832
47.16007274908032	692.4974452052832
47.16007274908032	691.6196105308137
48.03790742355016	690.7417758563438
48.91574209801967	690.7417758563438
48.91574209801967	689.8639411818743
49.793576772489175	688.9861065074044
50.67141144695902	688.9861065074044
50.67141144695902	677.5742557392992
49.793576772489175	677.5742557392992
48.91574209801967	676.6964210648297
48.91574209801967	674.0629170414209
48.03790742355016	674.0629170414209
47.16007274908032	673.185082366951
47.16007274908032	670.5515783435421
46.28223807461081	670.5515783435421
45.40440340014097	669.6737436690726
45.40440340014097	668.7959089946028
44.52656872567146	668.7959089946028
43.64873405120195	667.9180743201333
43.64873405120195	667.0402396456634
42.77089937673211	667.0402396456634
41.8930647022626	666.162404971194
41.8930647022626	663.528900947785
41.01523002779276	663.528900947785
40.13739535332325	662.6510662733152
40.13739535332325	661.7732315988458
39.259560678853745	661.7732315988458
38.3817260043839	660.8953969243762
38.3817260043839	660.0175622499064
37.503891329914396	660.0175622499064
36.62605665544455	659.1397275754368
36.62605665544455	658.261892900967
35.748221980975046	658.261892900967
34.870387306505535	657.3840582264975
34.870387306505535	656.506223552028
32.23688328309635	656.506223552028
31.359048608626836	655.6283888775581
31.359048608626836	654.7505542030887
30.481213934157328	654.7505542030887
29.603379259687486	653.8727195286189
29.603379259687486	652.9948848541493
26.96987523627863	652.9948848541493
26.09204056180912	652.1170501796798
26.09204056180912	651.2392155052099
23.45853653839993	651.2392155052099
22.58070186393042	650.3613808307405
22.58070186393042	649.4835461562706
14.680189793703514	649.4835461562706
13.802355119234006	648.6057114818011
13.802355119234006	647.7278768073315
9.413181746885797	647.7278768073315
8.53534707241629	646.8500421328617
8.53534707241629	645.9722074583922
7.657512397946448	645.9722074583922
6.779677723476939	645.0943727839224
6.779677723476939	644.2165381094529
5.901843049007098	644.2165381094529
5.02400837453759	643.3387034349834
5.02400837453759	640.7051994115742
4.146173700068081	640.7051994115742
3.268339025598239	639.8273647371046
3.268339025598239	637.1938607136958
2.3905043511287305	637.1938607136958
1.5126696766588894	636.316026039226
1.5126696766588894	633.6825220158171
0.6348350021893809	633.6825220158171
-0.24299967228012756	632.8046873413476
-0.24299967228012756	630.1711833179387
-1.1208343467499688	630.1711833179387
-1.9986690212194773	629.2933486434689
-1.9986690212194773	628.4155139689994
-2.8765036956893186	628.4155139689994
-3.7543383701588273	627.5376792945295
-3.7543383701588273	626.6598446200601
-4.632173044628336	626.6598446200601
-5.510007719098176	625.7820099455905
-5.510007719098176	624.9041752711207
-6.387842393567685	624.9041752711207
-7.265677068037526	624.0263405966512
-7.265677068037526	623.1485059221814
-8.143511742507036	623.1485059221814
-9.021346416976543	622.2706712477118
-9.021346416976543	621.3928365732423
-9.899181091446385	621.3928365732423
-10.777015765915893	620.5150018987725
-10.777015765915893	619.637167224303
-11.654850440385735	619.637167224303
-12.532685114855243	618.7593325498332
-12.532685114855243	617.8814978753636
-13.410519789324752	617.8814978753636
-14.288354463794592	617.0036632008942
-14.288354463794592	616.1258285264242
-15.166189138264102	616.1258285264242
-16.044023812733943	615.2479938519548
-16.044023812733943	614.3701591774849
-16.92185848720345	614.3701591774849
-17.799693161672963	613.4923245030154
-17.799693161672963	612.614489828546
-20.43319718508215	612.614489828546
-21.31103185955166	611.7366551540761
-21.31103185955166	610.8588204796066
-22.18886653402117	610.8588204796066
-23.06670120849101	609.9809858051367
-23.06670120849101	609.1031511306672
-25.70020523189987	609.1031511306672
-26.578039906369376	608.2253164561977
-26.578039906369376	607.3474817817279
-27.455874580839218	607.3474817817279
-28.333709255308726	606.4696471072583
-28.333709255308726	605.5918124327885
-32.72288262765694	605.5918124327885
-33.600717302126775	604.7139777583191
-33.600717302126775	603.8361430838495
-37.989890674474985	603.8361430838495
-37.989890674474985	604.7139777583191
-38.86772534894449	605.5918124327885
-45.01256807023205	605.5918124327885
-45.01256807023205	606.4696471072583
-45.89040274470156	607.3474817817279
-57.302253512806836	607.3474817817279
-58.180088187276674	606.4696471072583
-58.180088187276674	605.5918124327885
-60.813592210685535	605.5918124327885
-61.69142688515504	604.7139777583191
-61.69142688515504	602.0804737349101
-62.569261559624884	602.0804737349101
-63.44709623409439	601.2026390604403
-63.44709623409439	598.5691350370314
-64.32493090856423	598.5691350370314
-65.20276558303374	597.691300362562
-65.20276558303374	589.790788292335
-66.08060025750325	589.790788292335
-66.95843493197309	588.9129536178655
-66.95843493197309	586.2794495944567
-67.8362696064426	586.2794495944567
-68.71410428091244	585.4016149199869
-68.71410428091244	584.5237802455173
-69.59193895538195	584.5237802455173
-70.46977362985145	583.6459455710475
-70.46977362985145	582.7681108965779
-73.10327765326065	582.7681108965779
-73.98111232773014	581.8902762221085
-73.98111232773014	581.0124415476387
-80.1259550490177	581.0124415476387
-81.00378972348722	580.1346068731691
-81.00378972348722	579.2567721986993
-88.90430179371413	579.2567721986993
-89.78213646818364	578.3789375242297
-89.78213646818364	577.5011028497603
-97.68264853841055	577.5011028497603
