%% Coordinates
804.7237408611422	-769.3442534069379
804.7172880131418	-768.4664424498102
803.8330242080131	-767.5950843406827
795.9327255938616	-767.6531599726867
795.9262727458612	-766.7753490155587
795.0420089407327	-765.9039909064312
790.6529541550929	-765.9362551464335
790.6465013070924	-765.0584441893055
789.7622375019641	-764.1870860801782
785.3731827163243	-764.2193503201805
785.3667298683239	-763.3415393630524
784.4824660631956	-762.4701812539249
781.8490331918114	-762.4895397979262
781.8425803438109	-761.6117288407983
780.9583165386828	-760.7403707316707
778.3248836672989	-760.759729275672
778.3184308192984	-759.8819183185443
777.4341670141698	-759.0105602094168
774.800734142786	-759.0299187534182
774.7942812947855	-758.1521077962901
773.9100174896572	-757.2807496871626
773.0322065325291	-757.287202535163
773.0257536845287	-756.4093915780351
772.1414898794003	-755.5380334689075
769.5080570080165	-755.557392012909
769.5016041600161	-754.679581055781
768.6173403548876	-753.8082229466535
765.9839074835037	-753.8275814906549
765.9774546355031	-752.9497705335268
765.093190830375	-752.0784124243994
762.4597579589911	-752.0977709684007
762.4533051109906	-751.2199600112729
761.5690413058621	-750.3486019021453
758.9356084344784	-750.3679604461466
758.9291555864779	-749.4901494890187
758.0448917813494	-748.6187913798911
751.9002150814537	-748.6639613158944
751.8937622334532	-747.7861503587663
751.0094984283247	-746.914792249639
743.1091998141733	-746.9728678816431
743.1027469661728	-746.0950569245151
742.2184831610441	-745.2236988153876
737.8294283754044	-745.2559630553898
737.822975527404	-744.3781520982618
736.9387117222756	-743.5067939891344
734.3052788508917	-743.5261525331357
734.2988260028912	-742.6483415760079
733.4145621977627	-741.7769834668803
730.7811293263788	-741.7963420108817
730.7746764783784	-740.9185310537538
729.8904126732502	-740.0471729446261
727.2569798018665	-740.0665314886276
727.2505269538659	-739.1887205314996
726.3662631487372	-738.3173624223722
723.7328302773534	-738.3367209663735
723.726377429353	-737.4589100092454
722.8421136242247	-736.587551900118
721.9643026670966	-736.5940047481186
721.9578498190962	-735.7161937909906
721.0735860139678	-734.844835681863
718.4401531425841	-734.8641942258643
718.4337002945836	-733.9863832687364
717.5494364894549	-733.115025159609
716.6716255323271	-733.1214780076094
716.6651726843266	-732.2436670504813
715.7809088791981	-731.3723089413538
714.9030979220702	-731.3787617893543
714.8837393780688	-728.7453289179705
713.9994755729406	-727.873970808843
713.1216646158124	-727.8804236568434
713.115211767812	-727.0026126997153
712.2309479626837	-726.1312545905879
711.3531370055556	-726.1377074385883
711.3337784615542	-723.5042745672046
710.4495146564259	-722.632916458077
709.571703699298	-722.6393693060775
709.5652508512976	-721.7615583489495
708.680987046169	-720.890200239822
707.8031760890412	-720.8966530878225
707.7967232410407	-720.0188421306945
706.912459435912	-719.1474840215672
706.0346484787842	-719.1539368695676
706.0281956307838	-718.2761259124396
705.1439318256555	-717.404767803312
704.2661208685273	-717.4112206513124
704.2596680205269	-716.5334096941846
703.3754042153987	-715.6620515850568
702.4975932582705	-715.6685044330574
702.49114041027	-714.7906934759295
701.6068766051417	-713.9193353668022
700.7290656480138	-713.9257882148027
700.7226128000134	-713.0479772576743
699.8383489948849	-712.176619148547
698.9605380377569	-712.1830719965475
698.9540851897565	-711.3052610394194
698.069821384628	-710.433902930292
697.1920104275001	-710.4403557782924
697.1726518834987	-707.8069229069087
696.2883880783704	-706.9355647977809
695.4105771212423	-706.9420176457813
695.4041242732419	-706.0642066886536
694.5198604681135	-705.1928485795261
693.6420495109853	-705.1993014275265
693.4936340069748	-685.0096494135832
692.6093702018466	-684.1382913044561
691.7315592447188	-684.1447441524565
691.7122007007175	-681.5113112810726
690.8279368955887	-680.6399531719449
689.9501259384609	-680.6464060199453
689.9436730904605	-679.7685950628176
689.0594092853319	-678.8972369536901
686.4259764139481	-678.9165954976916
686.4195235659477	-678.0387845405634
685.5352597608194	-677.167426431436
682.9018268894355	-677.1867849754374
682.8953740414349	-676.3089740183093
682.0111102363064	-675.4376159091818
677.6220554506667	-675.4698801491841
677.6156026026663	-674.5920691920563
676.7313387975379	-673.7207110829286
674.0979059261541	-673.7400696269299
674.0914530781537	-672.862258669802
673.207189273025	-671.9909005606745
670.5737564016413	-672.0102591046758
670.5673035536407	-671.132448147548
669.6830397485126	-670.2610900384205
668.8052287913843	-670.2675428864211
668.7987759433838	-669.3897319292929
667.9145121382556	-668.5183738201656
667.0367011811275	-668.524826668166
667.030248333127	-667.6470157110377
666.1459845279986	-666.7756576019104
665.2681735708708	-666.7821104499109
665.2617207228703	-665.904299492783
664.3774569177418	-665.0329413836553
663.4996459606139	-665.0393942316558
663.4931931126134	-664.1615832745281
662.6089293074849	-663.2902251654003
661.7311183503572	-663.2966780134008
661.7246655023567	-662.4188670562729
660.8404016972282	-661.5475089471455
659.9625907401002	-661.5539617951459
659.9561378920997	-660.6761508380179
659.0718740869714	-659.8047927288903
658.1940631298432	-659.8112455768909
658.1876102818428	-658.9334346197628
657.3033464767145	-658.0620765106354
656.4255355195868	-658.0685293586358
656.4061769755854	-655.435096487252
655.5219131704567	-654.5637383781243
654.6441022133289	-654.5701912261247
654.6247436693275	-651.9367583547408
653.740479864199	-651.0654002456137
652.862668907071	-651.0718530936141
652.8433103630697	-648.4384202222302
651.9590465579414	-647.5670621131026
651.0812356008133	-647.573514961103
651.048971360811	-643.1844601754632
650.1647075556826	-642.3131020663358
648.4090856414267	-642.3260077623368
648.31229292142	-629.1588434054174
647.4280291162916	-628.2874852962897
646.5502181591635	-628.2939381442901
646.4792368311585	-618.6380176158826
645.5949730260302	-617.7666595067553
644.7171620689019	-617.7731123547558
644.5558408688905	-595.8278384265568
645.4336518260188	-595.8213855785564
646.3050099351461	-594.9371217734276
646.2017643671388	-580.8921464593805
647.0795753242669	-580.88569361138
647.9509334333944	-580.0014298062515
647.8154236253848	-561.5673997065644
649.5710455396407	-561.5544940105634
650.4424036487682	-560.6702302054352
650.3972337127649	-554.5255535055394
651.2750446698931	-554.519100657539
652.1464027790204	-553.6348368524103
652.1141385390181	-549.2457820667705
652.991949496146	-549.2393292187701
653.8633076052737	-548.3550654136418
653.8310433652714	-543.9660106280019
654.7088543223992	-543.9595577800014
655.580212431527	-543.0752939748733
655.5350424955238	-536.9306172749775
656.4128534526516	-536.9241644269771
657.284211561779	-536.0399006218483
657.2519473217767	-531.6508458362086
658.1297582789049	-531.6443929882081
659.0011163880322	-530.7601291830798
658.9817578440309	-528.1266963116959
659.859568801159	-528.1202434636955
660.7309269102865	-527.235979658567
660.7115683662851	-524.6025467871832
661.5893793234128	-524.5960939391828
662.4607374325404	-523.7118301340545
662.441378888539	-521.0783972626707
663.319189845667	-521.0719444146702
664.1905479547946	-520.1876806095414
664.1582837147923	-515.7986258239017
665.0360946719202	-515.7921729759013
665.9074527810476	-514.9079091707731
665.8880942370463	-512.2744762993893
666.7659051941745	-512.2680234513888
667.6372633033017	-511.38375964626016
667.6049990632995	-506.9947048606204
668.4828100204278	-506.98825201261997
669.354168129555	-506.1039882074917
669.3219038895528	-501.7149334218518
670.1997148466806	-501.7084805738514
671.0710729558083	-500.8242167687228
671.038808715806	-496.435161983083
671.9166196729337	-496.4287091350825
672.7879777820615	-495.54444532995427
672.7686192380602	-492.91101245857044
673.646430195188	-492.90455961056995
674.5177883043154	-492.0202958054413
674.498429760314	-489.38686293405755
675.3762407174421	-489.3804100860571
676.2475988265696	-488.49614628092877
676.2411459785692	-487.61833532380064
677.1189569356973	-487.6118824758002
677.9903150448246	-486.7276186706719
677.9838621968241	-485.8498077135441
678.8616731539519	-485.84335486554363
679.7330312630796	-484.959091060415
679.7265784150792	-484.08128010328716
680.604389372207	-484.0748272552867
681.4757474813347	-483.1905634501581
681.4692946333342	-482.3127524930303
682.3471055904622	-482.30629964502987
683.2184636995894	-481.4220358399016
683.212010851589	-480.54422488277345
684.0898218087171	-480.53777203477296
684.9611799178446	-479.6535082296447
684.9547270698441	-478.7756972725165
685.8325380269723	-478.769244424516
686.7038961360996	-477.88498061938776
686.6974432880991	-477.0071696622599
687.5752542452269	-477.0007168142595
688.4466123543547	-476.1164530091308
688.4401595063542	-475.238642052003
689.317970463482	-475.23218920400257
690.1893285726098	-474.347925398874
690.1828757246094	-473.47011444174615
692.8163085959932	-473.4507558977448
693.6876667051206	-472.5664920926165
693.68121385712	-471.6886811354883
694.5590248142481	-471.6822282874879
695.4303829233755	-470.79796448235953
695.4239300753751	-469.9201535252314
696.301741032503	-469.91370067723096
697.1730991416306	-469.0294368721027
697.1666462936302	-468.15162591497483
699.800079165014	-468.13226737097347
700.6714372741413	-467.24800356584484
700.6649844261409	-466.370192608717
701.5427953832691	-466.36373976071656
702.4141534923964	-465.47947595558804
702.407700644396	-464.6016649984602
705.0411335157797	-464.58230645445883
705.9124916249076	-463.6980426493305
705.9060387769072	-462.82023169220236
708.5394716482909	-462.800873148201
709.4108297574182	-461.9166093430727
709.4043769094178	-461.0387983859445
710.2821878665459	-461.032345537944
711.1535459756733	-460.1480817328158
711.1470931276729	-459.27027077568795
713.7805259990567	-459.2509122316866
714.6518841081844	-458.3666484265579
714.6454312601838	-457.48883746943017
715.5232422173117	-457.48238462142973
716.3946003264394	-456.5981208163011
716.388147478439	-455.72030985917326
719.0215803498227	-455.7009513151719
719.8929384589502	-454.8166875100436
719.8864856109498	-453.9388765529154
720.7642965680778	-453.932423704915
721.6356546772053	-453.0481598997867
721.6292018292047	-452.17034894265856
722.5070127863326	-452.16389609465807
723.3783708954603	-451.2796322895298
723.3719180474599	-450.40182133240194
724.2497290045876	-450.3953684844015
725.1210871137155	-449.51110467927293
725.114634265715	-448.6332937221451
725.9924452228428	-448.62684087414465
726.8638033319701	-447.74257706901597
726.8573504839696	-446.8647661118882
729.4907833553538	-446.8454075678868
730.3621414644812	-445.9611437627585
730.3556886164807	-445.0833328056304
731.2334995736086	-445.07687995762996
732.1048576827362	-444.1926161525016
732.0984048347358	-443.3148051953734
734.7318377061197	-443.29544665137206
735.603195815247	-442.41118284624383
735.5967429672465	-441.533371889116
738.2301758386307	-441.5140133451146
739.1015339477581	-440.629749539986
739.0950810997576	-439.7519385828582
743.4841358853974	-439.71967434285597
744.3554939945247	-438.8354105377273
744.3490411465242	-437.95759958059944
746.9824740179084	-437.9382410365981
747.8538321270357	-437.05397723146984
747.8473792790353	-436.17616627434165
750.4808121504192	-436.1568077303403
751.3521702595469	-435.27254392521195
751.3457174115465	-434.3947329680838
753.9791502829303	-434.37537442408245
754.8505083920577	-433.49111061895417
754.8440555440571	-432.6132996618264
757.4774884154409	-432.593941117825
758.3488465245687	-431.7096773126964
758.3423936765682	-430.83186635556854
760.975826547952	-430.8125078115672
761.8471846570793	-429.92824400643855
761.8407318090789	-429.05043304931075
766.2297865947188	-429.01816880930846
767.1011447038464	-428.1339050041802
767.0946918558459	-427.256094047052
769.7281247272297	-427.2367355030506
770.5994828363572	-426.35247169792234
770.5930299883568	-425.4746607407942
774.9820847739965	-425.442396500792
775.8534428831242	-424.5581326956637
775.8469900351238	-423.68032173853584
778.4804229065077	-423.6609631945345
779.3517810156349	-422.77669938940585
779.3453281676344	-421.89888843227806
783.7343829532742	-421.86662419227576
784.605741062402	-420.98236038714714
784.5992882144016	-420.1045494300193
788.9883430000414	-420.072285190017
789.8597011091688	-419.1880213848887
789.8532482611683	-418.3102104277605
794.2423030468082	-418.2779461877583
795.1136611559357	-417.39368238262995
795.1072083079353	-416.51587142550187
824.0749698931576	-416.3029274414868
824.9463280022856	-415.41866363635853
824.9398751542851	-414.5408526792307
839.8626614254603	-414.43115426322294
839.8691142734607	-415.3089652203508
840.7533780785889	-416.18032332947814
846.0202438213565	-416.1416062414754
846.8916019304845	-415.25734243634713
846.8851490824841	-414.3795314792193
872.3416668391945	-414.192398887206
872.348119687195	-415.0702098443339
873.2323834923238	-415.9415679534613
877.6214382779636	-415.909303713459
878.4927963870911	-415.0250399083307
878.4863435390906	-414.14722895120286
888.1422640674979	-414.07624762319784
888.1487169154983	-414.9540585803257
889.0329807206267	-415.8254166894531
893.4220355062664	-415.7931524494508
893.4284883542668	-416.6709634065789
894.3127521593954	-417.54232151570625
898.7018069450351	-417.510057275704
898.7082597930355	-418.3878682328322
899.5925235981645	-419.2592263419595
902.225956469548	-419.23986779795814
902.2324093175484	-420.117678755086
903.1166731226766	-420.98903686421374
905.7501059940607	-420.9696783202124
905.7565588420612	-421.8474892773402
906.6408226471896	-422.71884738646787
911.0298774328294	-422.68658314646564
911.0363302808298	-423.5643941035935
911.9205940859581	-424.4357522127208
918.0652707858543	-424.3905822767176
918.0717236338547	-425.26839323384576
918.9559874389829	-426.13975134297306
933.8787737101579	-426.0300529269653
933.8852265581585	-426.9078638840935
934.7694903632874	-427.7792219932209
940.9141670631828	-427.7340520572177
940.9206199111833	-428.6118630143455
941.8048837163116	-429.48322112347324
946.1939385019514	-429.45095688347095
946.2003913499518	-430.3287678405988
947.08465515508	-431.2001259497265
947.9624661122086	-431.193673101726
947.9689189602092	-432.0714840588538
948.8531827653374	-432.9428421679812
951.4866156367209	-432.92348362397985
951.4930684847213	-433.801294581108
952.3773322898502	-434.67265269023534
953.255143246978	-434.6661998422349
953.2615960949785	-435.5440107993631
954.1458599001068	-436.41536890849045
955.0236708572345	-436.40891606048996
955.030123705235	-437.2867270176178
955.9143875103634	-438.15808512674556
956.7921984674919	-438.1516322787451
956.7986513154923	-439.0294432358729
957.6829151206206	-439.90080134500056
958.5607260777484	-439.8943484970001
958.5671789257489	-440.772159454128
959.4514427308773	-441.64351756325533
962.0848756022614	-441.62415901925397
962.0913284502618	-442.50196997638216
962.97559225539	-443.3733280855095
963.853403212518	-443.3668752375091
963.8598560605184	-444.2446861946372
964.7441198656466	-445.1160443037646
967.3775527370308	-445.0966857597632
967.3840055850312	-445.974496716891
968.2682693901595	-446.84585482601875
969.1460803472874	-446.8394019780183
969.1525331952878	-447.71721293514616
970.0367970004168	-448.58857104427375
972.6702298718002	-448.5692125002724
972.6766827198006	-449.44702345740023
973.5609465249289	-450.31838156652765
974.4387574820573	-450.31192871852716
974.4452103300579	-451.1897396756553
975.3294741351863	-452.0610977847827
976.207285092314	-452.05464493678227
976.2137379403144	-452.93245589391046
977.0980017454427	-453.80381400303776
979.7314346168268	-453.7844554590364
979.7378874648273	-454.66226641616424
980.6221512699556	-455.533624525292
981.4999622270834	-455.52717167729156
981.506415075084	-456.4049826344193
982.3906788802121	-457.276340743547
983.2684898373408	-457.26988789554656
983.2749426853412	-458.1476988526744
984.1592064904694	-459.01905696180177
986.7926393618528	-458.99969841780035
986.7990922098533	-459.87750937492854
987.6833560149823	-460.74886748405595
988.5611669721102	-460.7424146360555
988.5676198201106	-461.62022559318365
989.4518836252389	-462.491583702311
990.3296945823666	-462.48513085431057
990.3361474303671	-463.3629418114384
991.2204112354955	-464.23429992056606
992.0982221926239	-464.22784707256557
992.1046750406243	-465.1056580296934
992.9889388457527	-465.9770161388211
993.8667498028806	-465.9705632908207
993.8861083468819	-468.6039961622045
994.77037215201	-469.47535427133187
995.6481831091379	-469.46890142333143
995.6546359571385	-470.3467123804596
996.5388997622674	-471.2180704895869
997.4167107193953	-471.2116176415865
997.4231635673957	-472.08942859871433
998.3074273725239	-472.96078670784203
999.1852383296518	-472.95433385984154
999.1916911776523	-473.83214481696933
1000.0759549827804	-474.7035029260971
1000.9537659399089	-474.69705007809665
1000.9731244839103	-477.3304829494805
1001.8573882890387	-478.20184105860784
1002.7351992461664	-478.1953882106074
1002.7416520941669	-479.07319916773554
1003.6259158992953	-479.94455727686295
1004.5037268564231	-479.93810442886246
1004.5101797044235	-480.81591538599025
1005.3944435095525	-481.68727349511795
1006.2722544666802	-481.68082064711746
1006.2787073146807	-482.5586316042453
1007.1629711198091	-483.42998971337306
1008.0407820769368	-483.4235368653726
1008.0601406209382	-486.0569697367564
1008.9444044260665	-486.92832784588376
1009.8222153831949	-486.9218749978833
1009.8286682311954	-487.79968595501146
1010.7129320363237	-488.6710440641388
1011.5907429934515	-488.6645912161383
1011.6101015374529	-491.29802408752215
1012.4943653425811	-492.1693821966499
1013.372176299709	-492.16292934864947
1013.3915348437105	-494.7963622200333
1014.2757986488393	-495.66772032916066
1015.1536096059672	-495.6612674811602
1015.1729681499685	-498.294700352544
1016.0572319550969	-499.1660584616717
1016.9350429122247	-499.1596056136712
1016.954401456226	-501.79303848505504
1017.8386652613542	-502.66439659418245
1018.7164762184827	-502.65794374618196
1018.7358347624842	-505.2913766175661
1019.6200985676124	-506.16273472669343
1020.4979095247401	-506.156281878693
1020.5172680687416	-508.7897147500768
1021.4015318738699	-509.6610728592045
1022.2793428309977	-509.6546200112041
1022.298701374999	-512.2880528825879
1023.182965180128	-513.1594109917153
1024.0607761372562	-513.1529581437147
1024.0930403772584	-517.5420129293544
1024.9773041823864	-518.4133710384823
1025.8551151395143	-518.4069181904819
1025.9906249475239	-536.8409482901689
1026.8748887526522	-537.7123063992963
1027.752699709781	-537.7058535512957
1027.7978696457842	-543.8505302511915
1028.6821334509123	-544.7218883603192
1029.5599444080399	-544.7154355123188
1029.592208648042	-549.1044902979585
1030.4764724531706	-549.975848407086
1031.3542834102982	-549.9693955590856
1031.3994533463015	-556.1140722589813
1032.2837171514304	-556.9854303681085
1033.161528108558	-556.9789775201081
1033.2066980445613	-563.1236542200039
1032.3288870874337	-563.1301070680043
1031.4575289783056	-564.0143708731327
1031.618850178317	-585.9596448013317
1030.7410392211893	-585.9660976493321
1029.8696811120617	-586.8503614544608
1029.9083982000645	-592.1172271972283
1029.030587242937	-592.1236800452288
1028.1592291338097	-593.0079438503575
1028.178587677811	-595.6413767217413
1027.3007767206823	-595.6478295697418
1026.4294186115549	-596.5320933748701
1026.4616828515573	-600.9211481605098
1025.5838718944294	-600.9276010085102
1024.7125137853022	-601.8118648136389
1024.7318723293035	-604.4452976850228
1023.8540613721756	-604.4517505330232
1022.9827032630475	-605.3360143381515
1023.0278731990505	-611.4806910380471
1022.1500622419229	-611.4871438860476
1021.2787041327953	-612.371407691176
1021.3109683727977	-616.7604624768157
1020.4331574156698	-616.7669153248162
1019.5617993065425	-617.6511791299448
1019.5940635465448	-622.0402339155845
1018.7162525894163	-622.046686763585
1017.844894480289	-622.9309505687135
1017.8771587202913	-627.3200053543532
1016.9993477631634	-627.3264582023536
1016.127989654036	-628.2107220074823
1016.1473481980374	-630.8441548788661
1015.2695372409096	-630.8506077268665
1014.3981791317816	-631.7348715319947
1014.4175376757829	-634.3683044033786
1013.539726718655	-634.374757251379
1012.6683686095278	-635.2590210565077
1012.6748214575282	-636.1368320136356
1011.7970105004003	-636.1432848616361
1010.9256523912729	-637.0275486667646
1010.9450109352742	-639.6609815381483
1010.0671999781458	-639.6674343861488
1009.1958418690185	-640.5516981912771
1009.202294717019	-641.4295091484051
1008.3244837598912	-641.4359619964057
1007.4531256507637	-642.3202258015341
1007.4595784987641	-643.1980367586618
1006.5817675416364	-643.2044896066623
1005.7104094325083	-644.0887534117909
1005.7168622805087	-644.9665643689187
1004.8390513233809	-644.9730172169192
1003.9676932142536	-645.8572810220477
1003.974146062254	-646.7350919791755
1003.0963351051263	-646.7415448271761
1002.2249769959988	-647.6258086323044
1002.2314298439992	-648.5036195894326
1001.3536188868708	-648.510072437433
1000.4822607777435	-649.3943362425612
1000.5016193217449	-652.027769113945
999.6238083646169	-652.0342219619455
998.7524502554896	-652.9184857670742
998.7589031034901	-653.7962967242021
997.8810921463622	-653.8027495722025
997.0097340372342	-654.687013377331
997.0290925812355	-657.3204462487148
996.1512816241077	-657.3268990967152
995.2799235149804	-658.2111629018436
995.2992820589818	-660.8445957732274
994.421471101854	-660.8510486212278
993.5501129927266	-661.7353124263566
993.5823772327288	-666.1243672119964
992.7045662756004	-666.1308200599968
991.8332081664729	-667.015083865125
991.8654724064752	-671.4041386507648
990.9876614493475	-671.4105914987653
990.11630334022	-672.2948553038939
990.1356618842215	-674.9282881752777
989.2578509270936	-674.9347410232782
988.3864928179655	-675.8190048284065
988.4058513619668	-678.4524376997903
987.5280404048391	-678.4588905477907
986.6566822957118	-679.3431543529193
986.6760408397131	-681.9765872243032
985.7982298825852	-681.9830400723037
984.926871773458	-682.8673038774318
984.9462303174594	-685.500736748816
984.0684193603307	-685.5071895968166
983.1970612512034	-686.3914534019448
983.2035140992039	-687.2692643590725
982.325703142076	-687.275717207073
981.4543450329486	-688.1599810122017
981.47370357695	-690.7934138835855
980.5958926198222	-690.7998667315859
979.7245345106942	-691.6841305367143
979.7309873586946	-692.5619414938424
978.8531764015668	-692.5683943418428
977.9818182924394	-693.4526581469712
977.9882711404399	-694.3304691040993
975.3548382690558	-694.3498276481006
974.4834801599284	-695.2340914532289
974.4899330079288	-696.1119024103568
973.612122050801	-696.1183552583573
972.7407639416735	-697.0026190634858
972.747216789674	-697.8804300206136
971.8694058325462	-697.8868828686141
970.9980477234183	-698.7711466737427
971.0045005714187	-699.6489576308705
968.3710677000353	-699.668316174872
967.4997095909079	-700.5525799800001
967.5061624389083	-701.4303909371284
966.6283514817798	-701.4368437851289
965.7569933726525	-702.321107590257
965.7634462206529	-703.1989185473851
963.1300133492693	-703.2182770913865
962.2586552401414	-704.1025408965149
962.2651080881418	-704.9803518536427
961.3872971310141	-704.9868047016431
960.5159390218867	-705.8710685067717
960.5223918698871	-706.7488794638996
959.6445809127592	-706.7553323119001
958.7732228036318	-707.6395961170288
958.7796756516324	-708.5174070741565
957.901864694504	-708.5238599221569
957.0305065853764	-709.4081237272853
957.0498651293777	-712.0415565986694
956.17205417225	-712.0480094466699
955.3006960631226	-712.9322732517982
955.320054607124	-715.565706123182
954.4422436499962	-715.5721589711825
953.5708855408682	-716.456422776311
953.5902440848696	-719.0898556476948
952.7124331277417	-719.0963084956952
951.8410750186143	-719.9805723008236
951.8604335626156	-722.6140051722076
950.9826226054878	-722.620458020208
950.1112644963606	-723.5047218253366
950.117717344361	-724.3825327824643
949.2399063872324	-724.3889856304647
948.3685482781051	-725.2732494355931
948.3750011261055	-726.1510603927212
943.9859463404657	-726.1833246327235
943.1145882313383	-727.0675884378519
943.1210410793389	-727.9453993949799
938.731986293699	-727.9776636349822
937.8606281845717	-728.8619274401104
937.8670810325722	-729.7397383972384
933.4780262469322	-729.7720026372407
932.606668137805	-730.6562664423691
932.6131209858054	-731.5340773994972
929.9796881144213	-731.5534359434986
929.1083300052939	-732.437699748627
929.1147828532944	-733.3155107057548
926.4813499819103	-733.3348692497563
925.6099918727829	-734.2191330548848
925.6164447207833	-735.0969440120127
922.9830118493992	-735.116302556014
922.1116537402718	-736.0005663611423
922.1181065882722	-736.8783773182704
921.2402956311444	-736.884830166271
920.3689375220171	-737.7690939713992
920.3753903700176	-738.6469049285272
917.7419574986334	-738.6662634725285
916.870599389506	-739.5505272776571
916.8770522375064	-740.4283382347851
915.9992412803786	-740.4347910827855
915.1278831712513	-741.3190548879139
915.1343360192517	-742.1968658450418
912.5009031478676	-742.2162243890431
911.6295450387402	-743.1004881941716
911.6359978867406	-743.9782991512996
910.7581869296129	-743.9847519993
909.8868288204848	-744.8690158044285
909.8932816684852	-745.7468267615565
907.2598487971018	-745.7661853055579
906.3884906879742	-746.650449110686
906.3949435359747	-747.5282600678141
902.005888750335	-747.5605243078164
901.134530641207	-748.4447881129448
901.1409834892074	-749.3225990700728
898.5075506178239	-749.3419576140741
897.6361925086966	-750.2262214192026
897.642645356697	-751.1040323763305
895.0092124853129	-751.1233909203319
894.1378543761855	-752.0076547254602
894.144307224186	-752.8854656825882
891.5108743528019	-752.9048242265897
890.6395162436744	-753.789088031718
890.6459690916748	-754.666898988846
886.2569143060351	-754.6991632288483
885.3855561969078	-755.5834270339767
885.3920090449083	-756.4612379911047
859.9354912881972	-756.6483705831179
859.0641331790698	-757.5326343882463
859.0705860270704	-758.4104453453743
854.6815312414305	-758.4427095853766
853.8101731323032	-759.3269733905051
853.8166259803037	-760.2047843476329
849.4275711946638	-760.2370485876351
848.5562130855358	-761.1213123927637
848.5626659335362	-761.9991233498916
843.2958001907685	-762.0378404378944
842.4244420816414	-762.9221042430228
842.4308949296418	-763.7999152001508
838.041840144002	-763.8321794401531
837.1704820348746	-764.7164432452813
837.176934882875	-765.5942542024093
829.2766362687232	-765.6523298344134
828.4052781595958	-766.5365936395419
828.4117310075962	-767.4144045966699
820.5114323934445	-767.4724802286739
819.6400742843172	-768.3567440338024
819.6465271323176	-769.2345549909302
804.7237408611422	-769.3442534069379
