%% Coordinates
217.1048318855078	-1000.2162179766094
217.10644929407852	-999.338384792177
216.2302335182166	-998.4589341991738
206.57406848946027	-998.4411427048959
206.575685898031	-997.5633095204635
205.69947012216915	-996.6838589274606
197.79897146227768	-996.6693022503241
196.91952086927435	-997.5455180261855
196.91790346070363	-998.423351210618
178.48340658762325	-998.3893856306329
178.48502399619397	-997.5115524462004
177.60880822033243	-996.6321018531976
173.2196422981704	-996.624014810344
173.2212597067411	-995.7461816259115
172.34504393087923	-994.8667310329083
169.7115443775821	-994.8618788071963
169.71316178615282	-993.9840456227638
168.83694601029126	-993.1045950297606
166.20344645699376	-993.0997428040484
166.20506386556448	-992.2219096196162
165.32884808970294	-991.342459026613
160.93968216754092	-991.3343719837594
160.94129957611162	-990.4565387993271
160.06508380025008	-989.5770882063239
155.67591787808803	-989.5690011634703
155.67753528665875	-988.6911679790378
154.80131951079687	-987.8117173860347
148.65648721976999	-987.8003955260398
148.6581046283407	-986.9225623416074
147.7818888524791	-986.0431117486042
139.88139019258733	-986.0285550714677
139.88300760115806	-985.1507218870353
139.00679182529652	-984.2712712940321
131.10629316540474	-984.2567146168957
131.10791057397546	-983.3788814324635
130.2316947981139	-982.4994308394603
103.01886608070949	-982.449291173768
103.0204834892802	-981.5714579893355
102.14426771341832	-980.6920073963323
92.488102684662	-980.6742159020544
92.48972009323272	-979.7963827176219
91.61350431737083	-978.9169321246189
87.22433839520879	-978.9088450817654
87.22595580377951	-978.031011897333
86.34974002791795	-977.1515613043299
83.7162404746208	-977.1467090786177
83.71785788319153	-976.2688758941853
82.84164210732965	-975.3894253011821
78.45247618516761	-975.3813382583285
78.45571100230904	-973.6256718894638
77.5794952264475	-972.7462212964606
74.94599567315036	-972.7413690707484
74.94761308172107	-971.863535886316
74.0713973058592	-970.9840852933129
69.68223138369716	-970.9759982504594
69.68384879226788	-970.0981650660271
68.80763301640631	-969.218714473024
64.41846709424429	-969.2106274301703
64.42008450281502	-968.3327942457379
63.54386872695345	-967.4533436527347
59.15470280479142	-967.4452566098811
59.15632021336214	-966.5674234254486
58.280104437500256	-965.6879728324456
55.64660488420311	-965.6831206067334
55.64822229277382	-964.805287422301
54.77200651691226	-963.9258368292979
53.01634014804739	-963.9226020121564
53.017957556618114	-963.044768827724
52.14174178075623	-962.1653182347209
51.26390859632395	-962.1637008261501
51.26552600489467	-961.2858676417178
50.38931022903312	-960.4064170487147
49.51147704460051	-960.404799640144
49.51309445317123	-959.5269664557115
48.63687867730968	-958.6475158627084
46.003379124012525	-958.6426636369962
46.00499653258325	-957.7648304525638
45.12878075672137	-956.8853798595609
42.49528120342421	-956.8805276338487
42.49689861199493	-956.0026944494163
41.62068283613337	-955.1232438564131
38.98718328283589	-955.1183916307009
38.98880069140662	-954.2405584462684
38.11258491554506	-953.3611078532653
33.723418993383035	-953.3530208104116
33.72503640195375	-952.4751876259794
32.8488206260922	-951.5957370329763
24.948321966200425	-951.5811803558399
24.949939374771144	-950.7033471714075
24.073723598909588	-949.8238965784043
19.68455767674756	-949.8158095355507
19.68617508531828	-948.9379763511182
18.809959309456396	-948.0585257581151
16.176459756159243	-948.053673532403
16.178077164729963	-947.1758403479705
15.30186138886841	-946.2963897549674
14.424028204435807	-946.2947723463967
14.425645613006525	-945.4169391619644
13.549429837144974	-944.5374885689612
12.671596652712367	-944.5358711603905
12.673214061283085	-943.6580379759581
11.796998285421532	-942.7785873829549
9.163498732124383	-942.7737351572429
9.165116140695101	-941.8959019728104
8.288900364833216	-941.0164513798072
7.411067180400944	-941.0148339712365
7.412684588971662	-940.137000786804
6.536468813110109	-939.2575501938012
5.658635628677503	-939.2559327852305
5.660253037248222	-938.378099600798
4.784037261386668	-937.4986490077948
2.1505377080895194	-937.4937967820827
2.1521551166602375	-936.6159635976502
1.2759393407983513	-935.736513004647
-15.402891163417149	-935.7057822418034
-15.401273754846429	-934.8279490573711
-16.277489530708316	-933.948498464368
-20.66665545287034	-933.9404114215143
-20.66503804429962	-933.062578237082
-21.54125382016118	-932.1831276440788
-24.174753373458326	-932.1782754183666
-24.173135964887607	-931.3004422339342
-25.049351740749497	-930.4209916409312
-25.927184925181766	-930.4193742323605
-25.92556751661105	-929.541541047928
-26.801783292472933	-928.6620904549249
-27.679616476905206	-928.6604730463541
-27.67799906833449	-927.7826398619217
-28.55421484419604	-926.9031892689185
-29.432048028628646	-926.9015718603479
-29.430430620057926	-926.0237386759156
-30.30664639591948	-925.1442880829125
-31.184479580352086	-925.1426706743417
-31.17962735463993	-922.5091711210445
-32.055843130501486	-921.6297205280414
-32.93367631493376	-921.6281031194707
-32.92882408922161	-918.9946035661734
-33.80503986508349	-918.1151529731702
-34.68287304951576	-918.1135355645995
-34.67802082380361	-915.4800360113023
-35.554236599665494	-914.6005854182991
-36.43206978409777	-914.5989680097284
-36.427217558385614	-911.9654684564314
-37.30343333424717	-911.0860178634282
-38.18126651867977	-911.0844004548575
-38.17964911010905	-910.206567270425
-39.0558648859706	-909.3271166774218
-39.93369807040321	-909.3254992688511
-39.928845844691054	-906.691999715554
-40.80506162055261	-905.8125491225509
-41.682894804984876	-905.8109317139802
-41.67804257927272	-903.1774321606829
-42.55425835513461	-902.2979815676797
-43.43209153956688	-902.296364159109
-43.43047413099616	-901.4185309746765
-44.306689906858054	-900.5390803816734
-45.18452309129032	-900.5374629731027
-45.18290568271961	-899.6596297886705
-46.05912145858115	-898.7801791956673
-46.936954643013756	-898.7785617870966
-46.93533723444304	-897.9007286026641
-47.8115530103046	-897.0212780096609
-48.6893861947372	-897.0196606010902
-48.68776878616648	-896.1418274166577
-49.56398456202804	-895.2623768236549
-52.19748411532518	-895.2575245979427
-52.195866706754465	-894.3796914135104
-53.07208248261636	-893.5002408205072
-55.7055820359135	-893.495388594795
-55.70396462734278	-892.6175554103626
-56.58018040320434	-891.7381048173594
-60.96934632536637	-891.7300177745058
-60.96772891679565	-890.8521845900734
-61.84394469265753	-889.9727339970703
-64.47744424595467	-889.9678817713582
-64.47582683738396	-889.0900485869257
-65.3520426132455	-888.2105979939226
-66.2298757976781	-888.2089805853519
-66.22825838910738	-887.3311474009195
-67.10447416496895	-886.4516968079164
-69.7379737182661	-886.4468445822043
-69.73635630969538	-885.5690113977719
-70.61257208555726	-884.6895608047687
-71.49040526998954	-884.687943396198
-71.48878786141883	-883.8101102117655
-72.36500363728037	-882.9306596187623
-73.24283682171297	-882.9290422101916
-73.23798459600081	-880.2955426568946
-74.11420037186235	-879.4160920638914
-74.99203355629497	-879.4144746553206
-74.99041614772426	-878.5366414708882
-75.8666319235858	-877.6571908778852
-76.74446510801808	-877.6555734693145
-76.74284769944735	-876.777740284882
-77.61906347530925	-875.8982896918789
-78.49689665974152	-875.8966722833081
-78.49204443402937	-873.2631727300111
-79.36826020989125	-872.3837221370079
-80.24609339432352	-872.3821047284372
-80.24447598575281	-871.5042715440047
-81.12069176161435	-870.6248209510015
-81.99852494604696	-870.6232035424308
-81.9936727203348	-867.9897039891337
-82.86988849619635	-867.1102533961305
-83.74772168062896	-867.1086359875598
-83.7428694549168	-864.4751364342626
-84.61908523077837	-863.5956858412594
-85.49691841521064	-863.5940684326887
-85.49206618949849	-860.9605688793916
-86.36828196536037	-860.0811182863885
-87.24611514979264	-860.0795008778177
-87.24126292408049	-857.4460013245204
-88.11747869994238	-856.5665507315175
-88.99531188437466	-856.5649333229468
-88.99369447580393	-855.6871001385143
-89.86991025166547	-854.8076495455113
-90.74774343609808	-854.8060321369405
-90.74289121038592	-852.1725325836433
-91.61910698624749	-851.2930819906401
-92.49694017068009	-851.2914645820694
-92.49532276210937	-850.4136313976369
-93.37153853797092	-849.5341808046339
-94.24937172240318	-849.5325633960632
-94.24451949669103	-846.8990638427659
-95.12073527255293	-846.0196132497628
-95.9985684569852	-846.017995841192
-95.99695104841447	-845.1401626567596
-96.87316682427637	-844.2607120637564
-97.75100000870863	-844.2590946551857
-97.74938260013792	-843.3812614707535
-98.62559837599946	-842.5018108777504
-99.50343156043208	-842.5001934691796
-99.50181415186135	-841.6223602847472
-100.3780299277229	-840.742909691744
-101.25586311215552	-840.7412922831733
-101.25101088644337	-838.1077927298761
-102.1272266623049	-837.228342136873
-103.00505984673718	-837.2267247283023
-103.00344243816647	-836.3488915438699
-103.87965821402835	-835.4694409508667
-104.75749139846063	-835.467823542296
-104.7558739898899	-834.5899903578636
-105.63208976575179	-833.7105397648604
-106.50992295018406	-833.7089223562897
-106.50830554161334	-832.8310891718573
-107.38452131747489	-831.9516385788542
-108.2623545019075	-831.9500211702834
-108.26073709333679	-831.0721879858511
-109.13695286919834	-830.1927373928481
-110.01478605363094	-830.1911199842774
-110.01316864506022	-829.313286799845
-110.88938442092179	-828.4338362068418
-111.76721760535406	-828.432218798271
-111.7623653796419	-825.7987192449739
-112.63858115550379	-824.9192686519708
-113.51641433993606	-824.9176512434001
-113.51479693136534	-824.0398180589676
-114.39101270722722	-823.1603674659644
-115.2688458916595	-823.1587500573937
-115.26399366594734	-820.5252505040966
-116.14020944180889	-819.6457999110934
-117.0180426262415	-819.6441825025227
-117.0099555833879	-815.2550165803607
-117.88617135924946	-814.3755659873575
-118.76400454368206	-814.3739485787868
-118.75268268368704	-808.22911628776
-119.6288984595486	-807.3496656947568
-120.50673164398086	-807.3480482861861
-120.49217496684439	-799.4475496262946
-121.3683907427063	-798.5680990332914
-122.24622392713854	-798.5664816247207
-122.23166725000208	-790.665982964829
-123.10788302586397	-789.7865323718258
-123.98571621029623	-789.7849149632551
-123.97762916744264	-785.3957490410932
-124.8538449433042	-784.51629844809
-125.7316781277368	-784.5146810395192
-125.72197367631249	-779.2476819329248
-126.59818945217405	-778.3682313399216
-127.47602263660664	-778.3666139313509
-127.44205705662156	-759.9321170582706
-126.56422387218896	-759.9337344668413
-125.68477327918596	-759.0575186909796
-125.63786843063514	-733.6003563424398
-124.76003524620253	-733.6019737510105
-123.88058465319953	-732.7257579751488
-123.83691462179013	-709.024261995474
-122.95908143735787	-709.0258794040448
-122.07963084435454	-708.1496636281828
-122.07154380150094	-703.7604977060208
-121.19371061706869	-703.7621151145916
-120.31426002406536	-702.88589933873
-120.3094077983532	-700.2523997854328
-119.43157461392094	-700.2540171940035
-118.55212402091794	-699.3778014181416
-118.54727179520579	-696.7443018648445
-117.66943861077318	-696.7459192734152
-116.7899880177702	-695.8697034975537
-116.78513579205804	-693.2362039442562
-115.90730260762544	-693.2378213528269
-115.02785201462244	-692.3616055769653
-115.01976497176885	-687.9724396548033
-114.14193178733657	-687.9740570633741
-113.26248119433326	-687.0978412875126
-113.2576289686211	-684.464341734215
-112.37979578418883	-684.4659591427858
-111.50034519118552	-683.5897433669243
-111.49549296547336	-680.956243813627
-110.61765978104108	-680.9578612221977
-109.73820918803808	-680.0816454463359
-109.7301221451845	-675.6924795241739
-108.85228896075189	-675.6940969327446
-107.97283836774889	-674.8178811568829
-107.96798614203674	-672.1843816035858
-107.09015295760413	-672.1859990121566
-106.21070236460113	-671.3097832362947
-106.20908495603042	-670.4319500518624
-105.33125177159815	-670.4335674604331
-104.45180117859483	-669.5573516845716
-104.44694895288268	-666.923852131274
-103.5691157684504	-666.9254695398447
-102.68966517544709	-666.0492537639833
-102.68804776687637	-665.171420579551
-101.81021458244409	-665.1730379881217
-100.9307639894411	-664.2968222122598
-100.9291465808704	-663.4189890278276
-100.05131339643778	-663.4206064363983
-99.17186280343479	-662.5443906605364
-99.16701057772264	-659.9108911072393
-98.28917739329002	-659.91250851581
-97.40972680028703	-659.0362927399484
-97.40487457457488	-656.4027931866513
-96.52704139014261	-656.404410595222
-95.64759079713929	-655.5281948193601
-95.63950375428568	-651.139028897198
-94.76167056985342	-651.1406463057688
-93.8822199768501	-650.2644305299073
-93.848254396865	-631.8299336568266
-92.97042121243274	-631.8315510653973
-92.09097061942975	-630.9553352895357
-92.07641394229329	-623.0548366296439
-91.19858075786068	-623.0564540382146
-90.31913016485768	-622.1802382623531
-90.3110431220041	-617.791072340191
-89.43320993757149	-617.7926897487617
-88.5537593445685	-616.9164739729001
-88.54890711885635	-614.2829744196027
-87.67107393442407	-614.2845918281735
-86.79162334142076	-613.4083760523118
-86.78030148142572	-607.263543761285
-85.90246829699345	-607.2651611698557
-85.02301770399012	-606.3889453939942
-85.0116958439951	-600.2441131029672
-84.13386265956282	-600.2457305115379
-83.25441206655982	-599.3695147356764
-83.24632502370623	-594.9803488135144
-82.36849183927363	-594.9819662220851
-81.48904124627063	-594.1057504462232
-81.48257161198777	-590.5944177084937
-80.60473842755516	-590.5960351170644
-79.72528783455218	-589.7198193412027
-79.72367042598145	-588.8419861567704
-78.84583724154918	-588.8436035653411
-77.96638664854586	-587.9673877894792
-77.96153442283371	-585.333888236182
-77.08370123840143	-585.3355056447527
-76.2042506453981	-584.4592898688911
-76.19939841968595	-581.8257903155941
-75.32156523525367	-581.8274077241648
-74.4421146422507	-580.951191948303
-74.41138387940704	-564.2723614440874
-73.53355069497442	-564.2739788526582
-72.65410010197145	-563.3977630767963
-72.6492478762593	-560.764263523499
-71.77141469182669	-560.7658809320698
-70.8919640988237	-559.8896651562083
-70.89034669025298	-559.0118319717756
-70.0125135058207	-559.0134493803463
-69.1330629128174	-558.1372336044849
-69.13144550424667	-557.2594004200523
-68.2536123198144	-557.2610178286229
-67.37416172681107	-556.3848020527613
-67.37254431824036	-555.5069688683291
-64.7390447649432	-555.5118210940412
-63.85959417194022	-554.6356053181793
-63.8579767633695	-553.757772133747
-62.9801435789369	-553.7593895423178
-62.100692985933904	-552.8831737664558
-62.09907557736319	-552.0053405820237
-59.46557602406604	-552.0101928077358
-58.58612543106272	-551.1339770318742
-58.584508022492	-550.2561438474416
-57.706674838059726	-550.2577612560124
-56.82722424505673	-549.3815454801509
-56.82560683648602	-548.5037122957182
-55.947773652053414	-548.5053297042889
-55.06832305905042	-547.6291139284274
-55.0667056504797	-546.751280743995
-54.188872466047094	-546.7528981525658
-53.30942187304411	-545.8766823767039
-53.30780446447339	-544.9988491922717
-52.42997128004112	-545.0004666008424
-51.55052068703779	-544.1242508249805
-51.54890327846707	-543.2464176405482
-50.6710700940348	-543.2480350491189
-49.79161950103148	-542.3718192732574
-49.79000209246076	-541.4939860888248
-48.9121689080285	-541.4956034973956
-48.0327183150255	-540.6193877215338
-48.03110090645478	-539.7415545371013
-47.15326772202218	-539.743171945672
-46.273817129019186	-538.8669561698105
-46.27219972044846	-537.9891229853782
-43.63870016715132	-537.9939752110904
-42.759249574147994	-537.1177594352284
-42.75763216557728	-536.2399262507962
-41.879798981145	-536.2415436593669
-41.000348388141674	-535.365327883505
-40.99873097957096	-534.4874946990727
-38.36523142627381	-534.4923469247849
-37.48578083327082	-533.6161311489234
-37.48416342470011	-532.7382979644908
-36.6063302402675	-532.7399153730615
-35.72687964726451	-531.8636995972
-35.725262238693794	-530.9858664127673
-34.84742905426152	-530.9874838213381
-33.9679784612582	-530.1112680454765
-33.966361052687475	-529.2334348610442
-31.332861499390322	-529.2382870867564
-30.453410906387333	-528.3620713108945
-30.451793497816617	-527.4842381264622
-29.57396031338401	-527.4858555350329
-28.69450972038102	-526.6096397591712
-28.6928923118103	-525.7318065747389
-27.815059127377694	-525.7334239833095
-26.93560853437471	-524.8572082074479
-26.930756308662552	-522.2237086541504
-26.05292312423028	-522.2253260627211
-25.173472531226956	-521.3491102868595
-25.17185512265624	-520.4712771024273
-24.294021938223967	-520.472894510998
-23.41457134522064	-519.5966787351362
-23.409719119508484	-516.963179181839
-22.531885935076215	-516.9647965904097
-21.652435342073222	-516.0885808145482
-21.647583116361066	-513.4550812612507
-20.769749931928466	-513.4566986698214
-19.89029933892547	-512.5804828939599
-19.885447113213317	-509.94698334066277
-19.007613928780717	-509.9486007492335
-18.12816333577772	-509.07238497337164
-18.123311110065565	-506.4388854200745
-17.245477925633292	-506.4405028286452
-16.366027332629972	-505.5642870527837
-16.361175106917816	-502.93078749948654
-15.483341922485543	-502.93240490805726
-14.603891329482218	-502.05618913219536
-14.6022739209115	-501.17835594776307
-13.724440736479227	-501.1799733563338
-12.844990143476238	-500.3037575804718
-12.84337273490552	-499.4259243960396
-11.965539550472915	-499.4275418046103
-11.086088957469926	-498.55132602874875
-11.084471548899206	-497.6734928443162
-10.2066383644666	-497.6751102528869
-9.32718777146361	-496.7988944770253
-9.325570362892892	-495.92106129259275
-8.447737178460619	-495.9226787011635
-7.568286585457296	-495.0464629253019
-7.5666691768865775	-494.1686297408696
-4.9331696235894285	-494.1734819665818
-4.053719030586439	-493.29726619071994
-4.052101622015721	-492.41943300628765
-1.4186020687182388	-492.42428523199976
-0.539151475715248	-491.54806945613785
-0.5375340671445297	-490.67023627170556
0.3402991172877423	-490.6718536802763
1.2197497102910653	-489.7956379044148
1.2213671188617838	-488.9178047199822
3.854866672158934	-488.92265694569437
4.734317265161924	-488.0464411698328
4.735934673732643	-487.1686079854002
5.6137678581652475	-487.1702253939709
6.493218451168238	-486.2940096181094
6.494835859738956	-485.4161764336771
7.372669044171562	-485.41779384224776
8.252119637174552	-484.54157806638585
8.25373704574527	-483.6637448819536
9.131570230177541	-483.66536229052434
10.011020823180866	-482.78914651466243
10.012638231751584	-481.9113133302302
10.890471416183857	-481.9129307388009
11.769922009187178	-481.03671496293936
11.771539417757898	-480.1588817785068
14.405038971055049	-480.16373400421895
15.284489564058036	-479.2875182283574
15.286106972628755	-478.40968504392475
16.163940157061358	-478.4113024524955
17.043390750064347	-477.5350866766339
17.045008158635067	-476.6572534922016
17.92284134306734	-476.65887090077234
18.802291936070663	-475.78265512491043
18.80390934464138	-474.90482194047814
21.43740889793853	-474.9096741661903
22.31685949094152	-474.0334583903285
22.31847689951224	-473.15562520589623
23.196310083944844	-473.15724261446695
24.075760676947837	-472.2810268386054
24.077378085518557	-471.40319365417275
24.95521126995116	-471.4048110627435
25.83466186295415	-470.52859528688197
25.83627927152487	-469.65076210244933
26.71411245595714	-469.65237951102006
27.593563048960466	-468.77616373515843
27.595180457531182	-467.8983305507262
28.47301364196345	-467.8999479592969
29.352464234966778	-467.023732183435
29.357316460678934	-464.3902326301379
30.235149645111207	-464.39185003870864
31.114600238114196	-463.5156342628471
31.116217646684916	-462.63780107841444
31.99405083111752	-462.63941848698516
32.87350142412051	-461.76320271112365
32.87511883269123	-460.885369526691
33.752952017123825	-460.88698693526175
34.63240261012682	-460.0107711594002
34.63402001869754	-459.1329379749679
35.51185320312981	-459.1345553835386
36.39130379613314	-458.25833960767676
36.39615602184529	-455.6248400543796
37.27398920627756	-455.62645746295027
38.15343979928088	-454.75024168708876
38.1550572078516	-453.8724085026561
39.03289039228387	-453.87402591122685
39.91234098528687	-452.9978101353653
39.913958393857584	-452.1199769509327
42.54745794715506	-452.1248291766449
43.42690854015805	-451.2486134007833
43.428525948728776	-450.370780216351
44.30635913316105	-450.37239762492175
45.18580972616437	-449.4961818490599
45.18742713473509	-448.61834866462766
47.82092668803224	-448.6232008903398
48.70037728103522	-447.74698511447787
48.70199468960595	-446.8691519300456
51.33549424290343	-446.87400415575775
52.214944835906415	-445.9977883798962
52.21656224447713	-445.1199551954636
53.09439542890941	-445.1215726040343
53.973846021912735	-444.24535682817276
53.97546343048345	-443.3675236437401
57.48679616821288	-443.37399327802297
58.366246761216196	-442.49777750216145
58.36786416978692	-441.61994431772916
61.00136372308407	-441.62479654344133
61.880814316087054	-440.7485807675795
61.88243172465777	-439.8707475831472
62.760264909090374	-439.8723649917179
63.63971550209337	-438.99614921585606
63.64133291066409	-438.1183160314238
64.5191660950967	-438.1199334399945
65.3986166880997	-437.24371766413293
65.40023409667042	-436.36588447970036
66.2780672811027	-436.3675018882711
67.157517874106	-435.4912861124095
67.15913528267673	-434.6134529279769
69.79263483597387	-434.618305153689
70.67208542897687	-433.7420893778274
70.67370283754758	-432.86425619339525
71.55153602198018	-432.865873601966
72.43098661498318	-431.98965782610406
72.4326040235539	-431.1118246416718
73.31043720798651	-431.1134420502425
74.1898878009895	-430.2372262743806
74.19150520956022	-429.35939308994836
75.0693383939925	-429.3610104985191
75.94878898699582	-428.4847947226575
75.95040639556653	-427.6069615382249
78.58390594886367	-427.611813763937
79.46335654186666	-426.7355979880755
79.46497395043737	-425.8577648036429
80.34280713486999	-425.85938221221363
81.22225772787297	-424.98316643635206
81.2238751364437	-424.1053332519198
83.85737468974085	-424.11018547763194
84.73682528274416	-423.2339697017701
84.73844269131489	-422.3561365173378
89.12760861347691	-422.36422356019136
90.00705920647991	-421.48800778432945
90.00867661505062	-420.6101745998972
92.64217616834777	-420.6150268256094
93.5216267613511	-419.7388110497478
93.52324416992182	-418.8609778653152
96.15674372321897	-418.86583009102736
97.03619431622195	-417.9896143151658
97.03781172479268	-417.1117811307333
101.42697764695471	-417.11986817358684
102.30642823995802	-416.24365239772527
102.30804564852873	-415.365819213293
104.94154520182589	-415.37067143900515
105.82099579482887	-414.49445566314324
105.8226132033996	-413.616622478711
108.4561127566971	-413.6214747044231
109.33556334970007	-412.7452589285612
109.33718075827079	-411.8674257441289
110.21501394270307	-411.86904315269965
111.09446453570638	-410.99282737683814
111.09608194427709	-410.1149941924055
113.72958149757424	-410.1198464181177
114.60903209057724	-409.24363064225616
114.61064949914795	-408.36579745782353
115.48848268358056	-408.36741486639426
116.36793327658356	-407.49119909053275
116.36955068515428	-406.61336590610046
117.24738386958688	-406.6149833146712
118.12683446258987	-405.7387675388092
118.12845187116059	-404.8609343543769
119.00628505559285	-404.86255176294765
119.88573564859618	-403.9863359870858
119.88735305716689	-403.1085028026535
120.76518624159917	-403.1101202112242
121.6446368346025	-402.23390443536266
121.64625424317322	-401.35607125093014
122.5240874276055	-401.35768865950087
123.40353802060848	-400.4814728836393
123.40677283774993	-398.7258065147744
126.04027239104741	-398.73065874048655
126.91972298405038	-397.85444296462504
126.9213403926211	-396.9766097801924
127.79917357705337	-396.97822718876307
128.6786241700567	-396.1020114129015
128.6802415786274	-395.22417822846893
131.31374113192456	-395.2290304541811
132.19319172492754	-394.35281467831953
132.19480913349827	-393.47498149388724
133.07264231793087	-393.47659890245797
133.95209291093389	-392.6003831265961
133.9537103195046	-391.7225499421639
136.58720987280174	-391.72740216787605
137.4666604658051	-390.8511863920141
137.46827787437581	-389.9733532075818
140.10177742767294	-389.97820543329397
140.9812280206759	-389.1019896574324
140.98284542924662	-388.2241564729998
143.61634498254412	-388.229008698712
144.4957955755471	-387.3527929228504
144.49741298411783	-386.4749597384178
147.13091253741499	-386.47981196412996
148.0103631304183	-385.6035961882684
148.011980538989	-384.72576300383616
152.40114646115103	-384.7338500466898
153.28059705415404	-383.8576342708279
153.28221446272477	-382.9798010863956
157.6713803848868	-382.98788812924914
158.55083097788977	-382.1116723533873
158.5524483864605	-381.233839168955
162.94161430862255	-381.2419262118086
163.82106490162585	-380.36571043594705
163.82268231019654	-379.4878772515144
168.21184823235856	-379.495964294368
169.09129882536158	-378.61974851850647
169.0929162339323	-377.74191533407384
169.9707494183649	-377.74353274264456
170.85020001136792	-376.86731696678305
170.85181741993864	-375.9894837823508
173.48531697323577	-375.994336008063
174.3647675662391	-375.1181202322011
174.3663849748098	-374.2402870477688
176.99988452810695	-374.24513927348096
177.87933512110993	-373.368923497619
177.88095252968066	-372.49109031318676
178.75878571411326	-372.4927077217575
179.63823630711624	-371.6164919458959
179.63985371568697	-370.7386587614633
180.51768690011926	-370.740276170034
181.39713749312259	-369.8640603941725
181.39875490169328	-368.9862272097399
182.27658808612554	-368.98784461831065
183.15603867912887	-368.1116288424491
183.1576560876996	-367.2337956580168
184.03548927213185	-367.2354130665875
184.91493986513487	-366.35919729072566
184.9165572737056	-365.48136410629337
187.55005682700306	-365.48621633200554
188.42950742000605	-364.6100005561436
188.43112482857677	-363.7321673717113
189.30895801300903	-363.733784780282
190.18840860601236	-362.8575690044205
190.19002601458308	-361.97973581998787
191.06785919901537	-361.9813532285586
191.94730979201867	-361.105137452697
191.9489272005894	-360.2273042682645
192.8267603850217	-360.2289216768352
193.70621097802464	-359.35270590097366
193.70782838659537	-358.47487271654137
194.585661571028	-358.4764901251121
195.46511216403096	-357.6002743492502
195.46672957260168	-356.72244116481795
198.10022912589884	-356.72729339053006
198.97967971890216	-355.85107761466816
198.98129712747289	-354.97324443023587
201.61479668077004	-354.97809665594804
202.49424727377303	-354.1018808800865
202.49586468234375	-353.22404769565395
205.12936423564122	-353.2288999213661
206.0088148286442	-352.35268414550455
206.01043223721493	-351.4748509610719
210.39959815937698	-351.4829380039255
211.27904875237996	-350.606722228064
211.28066616095066	-349.7288890436317
215.66983208311268	-349.7369760864853
216.549282676116	-348.8607603106234
216.55090008468673	-347.9829271261911
220.94006600684875	-347.99101416904466
221.81951659985177	-347.1147983931828
221.8211340084225	-346.2369652087505
226.2102999305845	-346.24505225160414
227.0897505235878	-345.36883647574257
227.0913679321585	-344.49100329131005
233.23620022318508	-344.50232515130506
234.11565081618843	-343.6261093754435
234.11726822475916	-342.74827619101086
240.26210051578605	-342.75959805100587
241.14155110878903	-341.8833822751443
241.14316851735975	-341.00554909071207
245.5323344395218	-341.0136361335657
246.4117850325248	-340.1374203577038
246.41340244109549	-339.2595871732715
251.6804015476901	-339.26929162469577
252.5598521406931	-338.39307584883386
252.56146954926382	-337.5152426644016
262.21763457802047	-337.5330341586795
263.0970851710235	-336.65681838281796
263.0987025795942	-335.7789851983854
278.02186671494513	-335.80648114408757
278.90131730794815	-334.93026536822606
278.90293471651887	-334.0524321837934
295.5817652207347	-334.0831629466371
296.4612158137377	-333.20694717077555
296.46283322230835	-332.32911398634326
304.36333188220016	-332.3436706634797
305.2427824752031	-331.46745488761786
305.24439988377384	-330.58962170318557
350.0138922898267	-330.6721095402922
350.8933428828297	-329.7958937644303
350.8949602914004	-328.9180605799981
358.79545895129223	-328.93261725713455
359.6749095442952	-328.056401481273
359.6765269528659	-327.17856829684035
379.86669019481116	-327.2157686939669
379.86507278624043	-328.0936018783995
380.74128856210234	-328.9730524714025
386.88612085312894	-328.9843743313976
386.8845034445582	-329.86220751582977
387.76071922042	-330.7416581088331
414.9735479378245	-330.7917977745254
414.97193052925377	-331.66963095895767
415.8481463051157	-332.54908155196097
421.9929785961422	-332.560403411956
421.99136118757156	-333.43823659638826
422.8675769634334	-334.3176871893913
425.5010765167306	-334.32253941510345
425.4994591081599	-335.2003725995361
426.3756748840214	-336.07982319253904
429.00917443731885	-336.08467541825115
429.0075570287481	-336.9625086026837
429.8837728046097	-337.84195919568674
430.761605989042	-337.84357660425746
430.75998858047126	-338.7214097886897
431.63620435633317	-339.60086038169305
434.2697039096303	-339.6057126074052
434.2680865010596	-340.4835457918375
435.14430227692117	-341.36299638484087
436.0221354613537	-341.3646137934116
436.02051805278296	-342.2424469778438
436.8967338286446	-343.12189757084684
439.53023338194174	-343.12674979655895
439.528615973371	-344.0045829809916
440.4048317492329	-344.8840335739946
441.2826649336652	-344.8856509825653
441.2810475250945	-345.76348416699784
442.15726330095634	-346.64293476000086
446.54642922311837	-346.6510218028545
446.54481181454764	-347.52885498728676
447.4210275904092	-348.40830558029006
456.19935943473325	-348.42447966599724
456.19774202616253	-349.30231285042953
457.0739578020241	-350.1817634434329
463.218790093051	-350.1930853034279
463.21717268448026	-351.0709184878602
464.0933884603421	-351.95036908086314
468.48255438250413	-351.9584561237167
468.48093697393347	-352.83628930814933
469.35715274979503	-353.71573990115235
471.9906523030922	-353.7205921268645
471.98903489452147	-354.5984253112971
472.8652506703834	-355.47787590430005
475.49875022368053	-355.4827281300122
475.4971328151098	-356.3605613144445
476.3733485909713	-357.24001190744787
477.2511817754039	-357.2416293160186
477.24956436683317	-358.1194625004508
478.12578014269474	-358.9989130934542
480.7592796959919	-359.0037653191663
480.75766228742117	-359.8815985035986
481.6338780632831	-360.7610490966016
482.51171124771537	-360.7626665051723
482.51009383914464	-361.64049968960484
483.38630961500616	-362.51995028260785
484.26414279943873	-362.5215676911786
484.26252539086806	-363.3994008756112
485.13874116672963	-364.27885146861416
486.01657435116226	-364.2804688771849
486.01495694259154	-365.1583020616172
486.89117271845305	-366.03775265462053
487.76900590288534	-366.03937006319126
487.7673884943146	-366.91720324762355
488.6436042701765	-367.7966538406268
489.52143745460876	-367.7982712491975
489.51982004603803	-368.6761044336298
490.39603582189994	-369.5555550266328
491.27386900633223	-369.55717243520354
491.2722515977615	-370.4350056196361
492.1484673736231	-371.3144562126391
493.0263005580556	-371.3160736212098
493.0246831494849	-372.1939068056424
493.9008989253465	-373.07335739864544
494.7787321097791	-373.07497480721617
494.7771147012084	-373.9528079916484
495.6533304770699	-374.83225858465175
496.5311636615022	-374.8338759932225
496.5295462529315	-375.71170917765477
497.4057620287934	-376.5911597706581
498.2835952132257	-376.59277717922885
498.28197780465496	-377.4706103636611
499.15819358051647	-378.350060956664
500.0360267649491	-378.3516783652347
500.0344093563784	-379.22951154966734
500.9106251322399	-380.1089621426703
501.7884583166725	-380.110579551241
501.7868409081018	-380.98841273567365
502.6630566839633	-381.86786332867666
503.5408898683956	-381.8694807372474
503.5392724598249	-382.7473139216797
504.41548823568684	-383.626764514683
505.29332142011907	-383.6283819232537
505.29170401154835	-384.506215107686
506.16791978741026	-385.38566570068934
507.04575297184255	-385.38728310926007
507.0441355632718	-386.2651162936923
507.9203513391334	-387.14456688669526
508.7981845235659	-387.1461842952659
508.7965671149952	-388.02401747969856
509.67278289085675	-388.90346807270157
510.5506160752894	-388.9050854812723
510.54899866671866	-389.78291866570487
511.42521444258017	-390.6623692587079
512.3030476270125	-390.6639866672786
512.3014302184417	-391.5418198517109
513.1776459943035	-392.42127044471425
514.0554791787358	-392.422887853285
514.0506269530237	-395.0563874065821
514.9268427288855	-395.9358379995851
515.8046759133179	-395.9374554081558
515.8030585047471	-396.8152885925884
516.6792742806088	-397.6947391855914
517.5571074650413	-397.6963565941621
517.5441681964757	-404.7190220696213
518.4203839723373	-405.59847266262454
519.2982171567699	-405.60009007119527
519.2771908453504	-417.0119214688165
520.153406621212	-417.89137206181954
521.0312398056441	-417.89298947039026
521.0199179456491	-424.03782176141715
521.896133721511	-424.91727235442045
522.7739669059433	-424.91888976299117
522.7561754116654	-434.57505479174745
523.6323911875272	-435.45450538475046
524.5102243719596	-435.4561227933212
524.4956676948232	-443.356621453213
525.3718834706848	-444.23607204621595
526.2497166551173	-444.2376894547867
526.2448644294051	-446.8711890080842
527.1210802052667	-447.7506396010872
527.9989133896993	-447.7522570096579
527.9940611639871	-450.38575656295507
528.8702769398487	-451.2652071559583
529.7481101242809	-451.26682456452903
529.7432578985687	-453.9003241178262
530.6194736744308	-454.7797747108292
531.4973068588629	-454.7813921193999
531.4924546331507	-457.4148916726971
532.3686704090128	-458.29434226570044
533.2465035934449	-458.29595967427116
533.2448861848742	-459.1737928587034
534.1211019607358	-460.0532434517067
534.9989351451684	-460.0548608602774
534.9940829194562	-462.6883604135746
535.8702986953178	-463.5678110065776
536.7481318797504	-463.5694284151483
536.7400448368968	-467.95859433731033
537.6162606127584	-468.8380449303137
538.4940937971907	-468.83966233888435
538.486006754337	-473.2288282610464
539.3622225301989	-474.1082788540494
540.2400557146312	-474.1098962626201
540.2287338546363	-480.254728553647
541.1049496304981	-481.13417914665
541.9827828149305	-481.13579655522074
541.9746957720769	-485.5249624773827
542.8509115479383	-486.40441307038606
543.7287447323711	-486.4060304789568
543.7206576895175	-490.7951964011188
544.5968734653787	-491.67464699412176
545.4747066498113	-491.6762644026925
545.4730892412406	-492.5540975871248
546.3493050171022	-493.4335481801281
547.2271382015346	-493.43516558869885
547.2222859758224	-496.068665141996
548.0985017516842	-496.948115734999
548.9763349361166	-496.9497331435697
548.9714827104045	-499.5832326968671
549.8476984862664	-500.46268328987014
550.7255316706987	-500.46430069844087
550.7206794449866	-503.097800251738
551.5968952208481	-503.9772508447414
552.4747284052806	-503.9788682533121
552.4698761795685	-506.61236780660926
553.3460919554299	-507.4918183996122
554.2239251398627	-507.49343580818294
554.215838097009	-511.88260173034496
555.0920538728705	-512.7620523233483
555.9698870573028	-512.763669731919
555.9618000144492	-517.152835654081
556.838015790311	-518.0322862470839
557.7158489747433	-518.0339036556546
557.7077619318898	-522.4230695778166
558.5839777077516	-523.3025201708197
559.461810892184	-523.3041375793904
559.4537238493303	-527.6933035015525
560.329939625192	-528.5727540945556
561.2077728096245	-528.5743715031264
561.2029205839124	-531.2078710564236
562.079136359774	-532.0873216494266
562.9569695442066	-532.0889390579973
562.9521173184944	-534.7224386112948
563.8283330943559	-535.6018892042978
564.706166278788	-535.6035066128685
564.7013140530759	-538.2370061661657
565.577529828938	-539.1164567591691
566.4553630133702	-539.1180741677398
566.450510787658	-541.7515737210368
567.3267265635201	-542.6310243140399
568.2045597479522	-542.6326417226106
568.19970752224	-545.2661412759078
569.0759232981017	-546.1455918689111
569.9537564825341	-546.1472092774818
569.948904256822	-548.780708830779
570.8251200326836	-549.6601594237819
571.7029532171161	-549.6617768323526
571.7013358085454	-550.5396100167853
572.577551584407	-551.4190606097883
573.4553847688394	-551.4206780183589
573.4214191888543	-569.8551748914396
572.543586004422	-569.853557482869
571.6641354114189	-570.7297732587306
571.6495787342825	-578.6302719186224
572.5257945101441	-579.5097225116252
573.4036276945765	-579.5113399201958
573.3987754688643	-582.1448394734931
574.2749912447262	-583.0242900664964
575.1528244291585	-583.0259074750671
575.1479722034463	-585.6594070283642
576.0241879793082	-586.5388576213672
576.9020211637404	-586.540475029938
576.8826122608917	-597.0744732431269
577.7588280367531	-597.9539238361299
578.6366612211857	-597.9555412447006
578.5865215554935	-625.1683699621053
577.7086883710609	-625.1667525535346
576.8292377780581	-626.0429683293962
576.8082114666387	-637.4547997270174
577.6844272425001	-638.3342503200207
578.5622604269327	-638.3358677285914
578.5444689326548	-647.9920327573478
579.4206847085164	-648.871483350351
580.298517892949	-648.8731007589217
580.2904308500954	-653.2622666810839
581.166646625957	-654.1417172740869
582.0444798103894	-654.1433346826576
582.0396275846772	-656.7768342359548
582.9158433605389	-657.6562848289581
583.7936765449713	-657.6579022375288
583.7888243192592	-660.291401790826
584.6650400951211	-661.170852383829
585.5428732795534	-661.1724697923997
585.5412558709827	-662.0503029768322
586.4174716468441	-662.9297535698353
587.2953048312769	-662.931370978406
587.2936874227062	-663.8092041628382
588.1699031985676	-664.6886547558416
589.0477363830003	-664.6902721644124
589.0461189744295	-665.5681053488446
589.9223347502909	-666.4475559418479
590.8001679347233	-666.4491733504186
590.7985505261526	-667.327006534851
591.6747663020144	-668.2064571278538
592.5525994864468	-668.2080745364245
592.550982077876	-669.0859077208572
593.4271978537379	-669.9653583138601
596.060697407035	-669.9702105395722
596.0590799984643	-670.8480437240049
596.9352957743259	-671.7274943170079
597.8131289587585	-671.7291117255786
597.8115115501878	-672.606944910011
598.6877273260494	-673.4863955030143
599.5655605104815	-673.488012911585
599.5639431019108	-674.3658460960171
600.4401588777729	-675.2452966890205
601.317992062205	-675.2469140975912
601.3163746536343	-676.1247472820235
602.192590429496	-677.0041978750265
603.0704236139284	-677.0058152835973
603.0655713882163	-679.6393148368948
603.9417871640779	-680.5187654298977
604.8196203485105	-680.5203828384684
604.7856547685254	-698.9548797115489
605.661870544387	-699.834330304552
606.5397037288196	-699.8359477131228
606.5219122345417	-709.4921127418792
605.6440790501091	-709.4904953333084
604.764628457106	-710.3667111091704
604.7565414142524	-714.7558770313324
603.8787082298198	-714.7542596227617
602.9992576368168	-715.6304753986232
602.9944054111046	-718.2639749519204
602.1165722266722	-718.2623575433497
601.2371216336692	-719.1385733192114
601.232269407957	-721.7720728725086
600.3544362235249	-721.7704554639379
599.4749856305214	-722.6466712397995
599.4668985876677	-727.0358371619615
598.5890654032356	-727.0342197533907
597.7096148102326	-727.9104355292525
597.6885884988133	-739.3222669268738
596.8107553143807	-739.3206495183031
595.9313047213776	-740.1968652941647
595.9070435928168	-753.3643630606508
595.0292104083842	-753.3627456520801
594.1497598153812	-754.2389614279417
594.1416727725276	-758.6281273501038
593.2638395880953	-758.6265099415331
592.3843889950921	-759.5027257173949
592.3763019522385	-763.8918916395569
591.4984687678061	-763.8902742309862
590.6190181748028	-764.7664900068479
590.6174007662321	-765.6443231912804
589.7395675817997	-765.6427057827096
588.8601169887969	-766.5189215585712
588.8552647630847	-769.1524211118684
587.977431578652	-769.1508037032977
587.0979809856492	-770.0270194791594
587.093128759937	-772.6605190324566
586.2152955755042	-772.6589016238859
585.3358449825014	-773.5351173997476
585.3277579396478	-777.9242833219097
584.4499247552154	-777.922665913339
583.5704741622121	-778.7988816892006
583.5607697107879	-784.0658807957949
582.6829365263555	-784.0642633872242
581.8034859333524	-784.9404791630859
581.7953988904987	-789.3296450852479
580.9175657060664	-789.3280276766772
580.0381151130633	-790.2042434525389
580.0300280702097	-794.5934093747009
579.1521948857771	-794.5917919661301
578.2727442927741	-795.4680077419919
578.2678920670619	-798.1015072952891
577.3900588826293	-798.0998898867184
576.5106082896265	-798.9761056625802
576.5089908810559	-799.8539388470126
575.6311576966236	-799.8523214384419
574.7517071036203	-800.7285372143036
574.7468548779082	-803.3620367676007
573.8690216934758	-803.36041935903
572.9895711004725	-804.2366351348917
572.9847188747603	-806.8701346881888
572.106885690328	-806.8685172796182
571.2274350973249	-807.7447330554799
571.2258176887542	-808.6225662399123
570.3479845043216	-808.6209488313416
569.4685339113186	-809.4971646072033
569.4669165027478	-810.3749977916357
568.5890833183154	-810.373380383065
567.7096327253123	-811.2495961589266
567.7080153167416	-812.127429343359
566.8301821323095	-812.1258119347883
565.9507315393059	-813.00202771065
565.9491141307352	-813.8798608950824
565.0712809463031	-813.8782434865117
564.1918303532996	-814.7544592623733
564.1902129447288	-815.6322924468058
563.3123797602967	-815.630675038235
562.4329291672938	-816.5068908140968
562.431311758723	-817.3847239985292
561.5534785742905	-817.3831065899585
560.6740279812874	-818.2593223658203
560.6724105727168	-819.1371555502525
559.7945773882842	-819.1355381416818
558.9151267952811	-820.0117539175434
558.9135093867104	-820.8895871019758
558.0356762022781	-820.8879696934051
557.1562256092748	-821.7641854692669
557.154608200704	-822.6420186536993
556.2767750162718	-822.6404012451286
555.3973244232685	-823.5166170209901
555.3924721975563	-826.1501165742875
554.514639013124	-826.1484991657168
553.6351884201212	-827.0247149415784
553.6335710115504	-827.9025481260106
552.7557378271176	-827.9009307174399
551.8762872341148	-828.7771464933018
551.8714350084026	-831.4106460465991
550.99360182397	-831.4090286380284
550.1141512309671	-832.28524441389
550.1092990052549	-834.9187439671872
549.2314658208226	-834.9171265586165
548.3520152278193	-835.7933423344782
548.3503978192485	-836.6711755189106
547.4725646348162	-836.6695581103398
546.5931140418129	-837.5457738862016
546.5914966332422	-838.423607070634
545.7136634488098	-838.4219896620633
544.8342128558069	-839.2982054379249
544.8325954472361	-840.1760386223574
543.9547622628036	-840.1744212137867
543.0753116698008	-841.0506369896482
543.0736942612301	-841.9284701740806
542.1958610767973	-841.9268527655099
541.3164104837945	-842.8030685413717
541.3147930752237	-843.6809017258041
540.4369598907914	-843.6792843172334
539.5575092977881	-844.5555000930951
539.5558918892174	-845.4333332775273
538.678058704785	-845.4317158689565
537.7986081117817	-846.3079316448183
537.796990703211	-847.1857648292507
536.9191575187788	-847.18414742068
536.0397069257757	-848.0603631965417
536.0348547000635	-850.693862749839
535.157021515631	-850.6922453412683
534.2775709226279	-851.5684611171298
534.2759535140572	-852.4462943015623
533.3981203296246	-852.4446768929915
532.5186697366215	-853.3208926688533
532.5138175109093	-855.9543922221505
531.6359843264772	-855.9527748135799
530.7565337334738	-856.8289905894417
530.7516815077618	-859.4624901427387
529.8738483233296	-859.460872734168
528.9943977303261	-860.3370885100297
528.9927803217554	-861.2149216944622
528.1149471373233	-861.2133042858915
527.2354965443202	-862.0895200617532
527.230644318608	-864.7230196150502
526.3528111341755	-864.7214022064795
525.4733605411724	-865.5976179823413
525.4717431326017	-866.4754511667737
522.8382435793045	-866.4705989410616
521.9587929863012	-867.3468147169231
521.9571755777305	-868.2246479013555
521.0793423932981	-868.2230304927848
520.1998918002948	-869.0992462686465
520.1982743917241	-869.977079453079
519.320441207292	-869.9754620445083
518.440990614289	-870.8516778203699
518.4393732057183	-871.7295110048022
517.5615400212857	-871.7278935962315
516.6820894282827	-872.6041093720933
516.6804720197119	-873.4819425565257
515.8026388352794	-873.480325147955
514.9231882422763	-874.3565409238167
514.9215708337056	-875.234374108249
514.0437376492732	-875.2327566996782
513.16428705627	-876.10897247554
513.1626696476993	-876.9868056599723
512.284836463267	-876.9851882514017
511.4053858702638	-877.8614040272635
511.40376846169306	-878.7392372116959
510.5259352772607	-878.7376198031252
509.64648468425776	-879.6138355789867
509.64486727568703	-880.4916687634192
508.7670340912544	-880.4900513548484
507.8875834982514	-881.3662671307102
507.8827312725393	-883.9997666840072
507.0048980881067	-883.9981492754365
506.12544749510374	-884.8743650512982
506.123830086533	-885.7521982357307
505.2459969021007	-885.75058082716
504.3665463090974	-886.6267966030217
504.3616940833852	-889.260296156319
503.48386089895297	-889.2586787477483
502.6044103059496	-890.1348945236099
502.6027928973789	-891.0127277080423
501.7249597129466	-891.0111102994716
500.84550911994364	-891.8873260753332
500.8438917113729	-892.7651592597656
499.9660585269403	-892.7635418511949
499.08660793393733	-893.6397576270566
499.08499052536666	-894.5175908114891
498.20715734093403	-894.5159734029183
497.3277067479311	-895.3921891787801
497.32608933936035	-896.2700223632124
496.44825615492806	-896.2684049546417
495.5688055619247	-897.1446207305032
495.56395333621253	-899.7781202838006
494.68612015178024	-899.7765028752299
493.8066695587773	-900.6527186510916
493.80505215020656	-901.5305518355239
492.92721896577393	-901.5289344269531
492.0477683727709	-902.4051502028149
492.0461509642002	-903.2829833872473
491.1683177797677	-903.2813659786766
490.2888671867647	-904.1575817545383
490.287249778194	-905.0354149389708
489.4094165937617	-905.0337975304001
488.52996600075835	-905.9100133062617
488.5283485921876	-906.7878464906942
485.89484903889047	-906.782994264982
485.0153984458875	-907.6592100408436
485.0137810373168	-908.5370432252761
484.13594785288416	-908.5354258167054
483.25649725988114	-909.411641592567
483.2548798513104	-910.2894747769993
482.37704666687785	-910.2878573684286
481.4975960738749	-911.1640731442903
481.49597866530416	-912.0419063287228
480.6181454808719	-912.0402889201521
479.7386948878685	-912.9165046960138
479.7370774792978	-913.7943378804463
478.8592442948655	-913.7927204718756
477.97979370186226	-914.6689362477371
477.97817629329154	-915.5467694321694
477.10034310885925	-915.5451520235987
476.22089251585624	-916.4213677994604
476.21604029014406	-919.0548673527576
475.3382071057115	-919.0532499441869
474.45875651270853	-919.9294657200486
474.4571391041378	-920.8072989044811
473.5793059197052	-920.8056814959103
472.69985532670216	-921.681897271772
472.69823791813144	-922.5597304562044
471.8204047336992	-922.5581130476338
470.94095414069585	-923.4343288234954
470.93610191498374	-926.0678283767927
470.05826873055145	-926.066210968222
469.1788181375481	-926.9424267440837
469.17720072897737	-927.820259928516
468.29936754454513	-927.8186425199452
467.4199169515421	-928.694858295807
467.4182995429714	-929.5726914802394
466.5404663585388	-929.5710740716687
465.66101576553586	-930.4472898475304
465.65939835696514	-931.3251230319629
463.0258988036679	-931.3202708062507
462.14644821066463	-932.1964865821122
462.1448308020939	-933.0743197665447
461.2669976176616	-933.072702357974
460.38754702465826	-933.9489181338357
460.3859296160876	-934.8267513182681
455.99676369392563	-934.8186642754144
455.1173131009226	-935.6948800512762
455.1156956923519	-936.5727132357084
450.72652977018987	-936.5646261928549
449.8470791771869	-937.4408419687167
449.8454617686162	-938.3186751531491
446.3341290308864	-938.3122055188662
445.4546784378834	-939.188421294728
445.45306102931266	-940.0662544791604
442.8195614760152	-940.0614022534483
441.9401108830122	-940.9376180293096
441.9384934744415	-941.8154512137421
437.5493275522794	-941.8073641708885
436.66987695927645	-942.6835799467502
436.6682595507057	-943.5614131311827
427.01209452194905	-943.5436216369048
426.13264392894615	-944.4198374127666
426.1310265203754	-945.2976705971989
418.2305278604837	-945.2831139200624
417.35107726748066	-946.1593296959242
417.34945985890994	-947.0371628803565
414.7159603056128	-947.0323106546443
413.8365097126094	-947.908526430506
413.8348923040387	-948.7863596149384
409.4457263818767	-948.7782725720849
408.5662757888737	-949.6544883479465
408.564658380303	-950.532321532379
405.9311588270058	-950.5274693066668
405.0517082340025	-951.4036850825286
405.05009082543177	-952.281518266961
398.9052585344049	-952.270196406966
398.02580794140187	-953.1464121828276
398.0241905328312	-954.0242453672598
393.6350246106692	-954.0161583244062
392.7555740176662	-954.892374100268
392.7539566090955	-955.7702072847004
390.12045705579794	-955.7653550589883
389.241006462795	-956.6415708348501
389.23938905422426	-957.5194040192825
386.60588950092705	-957.5145517935704
385.7264389079238	-958.3907675694319
385.7248214993531	-959.2686007538642
383.0913219460559	-959.2637485281521
382.2118713530529	-960.1399643040138
382.2102539444822	-961.0177974884463
381.33242076004956	-961.0161800798755
380.45297016704654	-961.8923958557373
380.4513527584758	-962.7702290401696
379.5735195740436	-962.7686116315989
378.69406898104023	-963.6448274074606
378.69245157246957	-964.522660591893
376.05895201917247	-964.5178083661808
375.17950142616945	-965.3940241420426
375.1778840175987	-966.2718573264749
374.3000508331661	-966.2702399179042
373.42060024016314	-967.1464556937658
373.4189828315924	-968.0242888781983
372.5411496471598	-968.0226714696275
371.66169905415677	-968.8988872454894
371.66008164558605	-969.7767204299219
369.02658209228895	-969.7718682042097
368.1471314992856	-970.6480839800714
368.14551409071487	-971.5259171645037
367.26768090628264	-971.5242997559329
366.3882303132796	-972.4005155317946
366.3866129047089	-973.278348716227
363.7531133514114	-973.2734964905148
362.87366275840844	-974.1497122663766
362.870427941267	-975.9053786352413
358.481262019105	-975.8972915923877
357.601811426102	-976.7735073682494
357.6001940175313	-977.6513405526819
353.2110280953692	-977.6432535098282
352.3315775023659	-978.5194692856899
352.3299600937952	-979.3973024701223
347.9407941716332	-979.3892154272688
347.06134357863016	-980.2654312031303
347.05972617005943	-981.1432643875628
342.6705602478974	-981.1351773447092
341.7911096548941	-982.0113931205709
341.7894922463234	-982.8892263050034
339.1559926930262	-982.8843740792912
338.2765421000232	-983.760589855153
338.27492469145255	-984.6384230395852
335.64142513815545	-984.633570813873
334.7619745451521	-985.5097865897347
334.7603571365814	-986.3876197741672
330.3711912144193	-986.3795327313137
329.4917406214163	-987.2557485071754
329.49012321284556	-988.1335816916078
325.1009572906836	-988.1254946487542
324.22150669768024	-989.0017104246158
324.2198892891095	-989.8795436090483
319.83072336694755	-989.8714565661946
318.95127277394454	-990.7476723420564
318.9496553653738	-991.6255055264887
316.31615581207666	-991.6206533007766
315.4367052190733	-992.4968690766383
315.4350878105026	-993.3747022610705
309.29025551947603	-993.3633804010756
308.41080492647274	-994.2395961769373
308.409187517902	-995.1174293613698
281.1963588004976	-995.0672896956775
280.3169082074943	-995.9435054715392
280.31529079892357	-996.8213386559717
274.17045850789697	-996.8100167959766
273.2910079148936	-997.686232571838
273.2893905063229	-998.5640657562705
267.144558215296	-998.5527438962755
266.265107622293	-999.4289596721372
266.26349021372226	-1000.3067928565697
217.1048318855078	-1000.2162179766094
