%% Coordinates
198.14763675785875	532.7315344518083
198.14763675785875	533.6093691262781
197.26980208338924	534.4872038007477
191.1249593621017	534.4872038007477
191.1249593621017	535.3650384752171
190.24712468763184	536.2428731496871
185.85795131528363	536.2428731496871
185.85795131528363	537.1207078241565
184.98011664081412	537.9985424986264
182.34661261740527	537.9985424986264
182.34661261740527	538.8763771730959
181.46877794293542	539.7542118475654
180.5909432684659	539.7542118475654
180.5909432684659	540.6320465220352
179.7131085939964	541.5098811965047
178.83527391952657	541.5098811965047
178.83527391952657	542.3877158709746
177.95743924505706	543.2655505454441
177.0796045705872	543.2655505454441
177.0796045705872	544.1433852199136
176.2017698961177	545.0212198943834
175.3239352216482	545.0212198943834
175.3239352216482	545.899054568853
174.44610054717836	546.7768892433228
173.56826587270885	546.7768892433228
173.56826587270885	547.6547239177924
172.690431198239	548.5325585922618
171.8125965237695	548.5325585922618
171.8125965237695	549.4103932667316
170.9347618493	550.2882279412012
170.05692717483015	550.2882279412012
170.05692717483015	551.166062615671
169.17909250036064	552.0438972901405
168.3012578258908	552.0438972901405
168.3012578258908	552.92173196461
167.4234231514213	553.7995666390799
166.5455884769518	553.7995666390799
166.5455884769518	554.6774013135494
165.66775380248194	555.5552359880193
164.78991912801243	555.5552359880193
164.78991912801243	556.4330706624887
163.9120844535426	557.3109053369582
163.0342497790731	557.3109053369582
163.0342497790731	559.0665746858975
162.15641510460358	559.9444093603674
161.27858043013373	559.9444093603674
161.27858043013373	560.8222440348369
160.40074575566422	561.7000787093065
159.5229110811944	561.7000787093065
159.5229110811944	562.5779133837763
158.64507640672488	563.4557480582458
157.76724173225537	563.4557480582458
157.76724173225537	564.3335827327156
156.88940705778552	565.2114174071851
156.011572383316	565.2114174071851
156.011572383316	566.0892520816546
155.13373770884618	566.9670867561244
154.25590303437667	566.9670867561244
154.25590303437667	567.844921430594
153.37806835990716	568.7227561050638
152.5002336854373	568.7227561050638
152.5002336854373	569.6005907795334
151.6223990109678	570.4784254540028
150.74456433649797	570.4784254540028
150.74456433649797	571.3562601284727
149.86672966202846	572.2340948029422
147.23322563861961	572.2340948029422
147.23322563861961	573.111929477412
146.35539096414976	573.9897641518816
143.72188694074092	573.9897641518816
143.72188694074092	574.867598826351
142.8440522662714	575.7454335008209
140.21054824286253	575.7454335008209
140.21054824286253	576.6232681752904
139.3327135683927	577.5011028497603
138.4548788939232	577.5011028497603
138.4548788939232	578.3789375242297
137.57704421945334	579.2567721986993
136.69920954498383	579.2567721986993
136.69920954498383	580.1346068731691
135.82137487051432	581.0124415476387
134.9435401960445	581.0124415476387
134.9435401960445	585.4016149199869
134.06570552157498	586.2794495944567
133.18787084710513	586.2794495944567
133.18787084710513	601.2026390604403
132.31003617263562	602.0804737349101
131.4322014981661	602.0804737349101
131.4322014981661	604.7139777583191
130.55436682369628	605.5918124327885
129.67653214922677	605.5918124327885
129.67653214922677	606.4696471072583
128.79869747475692	607.3474817817279
127.92086280028742	607.3474817817279
127.92086280028742	608.2253164561977
127.04302812581791	609.1031511306672
126.16519345134807	609.1031511306672
126.16519345134807	609.9809858051367
125.28735877687856	610.8588204796066
124.40952410240872	610.8588204796066
124.40952410240872	613.4923245030154
123.53168942793921	614.3701591774849
122.6538547534697	614.3701591774849
122.6538547534697	615.2479938519548
121.77602007899986	616.1258285264242
120.89818540453035	616.1258285264242
120.89818540453035	618.7593325498332
120.02035073006051	619.637167224303
119.142516055591	619.637167224303
119.142516055591	624.0263405966512
118.26468138112149	624.9041752711207
117.38684670665165	624.9041752711207
117.38684670665165	629.2933486434689
116.50901203218214	630.1711833179387
115.6311773577123	630.1711833179387
115.6311773577123	634.560356690287
114.75334268324279	635.4381913647564
113.87550800877328	635.4381913647564
113.87550800877328	638.0716953881653
112.99767333430344	638.9495300626352
112.11983865983393	638.9495300626352
112.11983865983393	643.3387034349834
111.2420039853641	644.2165381094529
110.36416931089458	644.2165381094529
110.36416931089458	657.3840582264975
111.2420039853641	657.3840582264975
112.11983865983393	658.261892900967
112.11983865983393	662.6510662733152
112.99767333430344	662.6510662733152
113.87550800877328	663.528900947785
113.87550800877328	667.9180743201333
114.75334268324279	667.9180743201333
115.6311773577123	668.7959089946028
115.6311773577123	688.9861065074044
116.50901203218214	688.9861065074044
117.38684670665165	689.8639411818743
117.38684670665165	699.5201226010403
118.26468138112149	699.5201226010403
119.142516055591	700.3979572755101
119.142516055591	711.8098080436154
120.02035073006051	711.8098080436154
120.89818540453035	712.6876427180848
120.89818540453035	718.8324854393724
121.77602007899986	718.8324854393724
122.6538547534697	719.7103201138419
122.6538547534697	722.3438241372511
123.53168942793921	722.3438241372511
124.40952410240872	723.2216588117207
124.40952410240872	725.8551628351295
125.28735877687856	725.8551628351295
126.16519345134807	726.7329975095993
126.16519345134807	729.3665015330082
127.04302812581791	729.3665015330082
127.92086280028742	730.2443362074777
127.92086280028742	732.8778402308866
128.79869747475692	732.8778402308866
129.67653214922677	733.7556749053564
129.67653214922677	736.3891789287652
130.55436682369628	736.3891789287652
131.4322014981661	737.2670136032348
131.4322014981661	739.9005176266439
132.31003617263562	739.9005176266439
133.18787084710513	740.7783523011135
133.18787084710513	743.4118563245223
134.06570552157498	743.4118563245223
134.9435401960445	744.2896909989921
134.9435401960445	746.923195022401
135.82137487051432	746.923195022401
136.69920954498383	747.8010296968705
136.69920954498383	751.3123683947492
137.57704421945334	751.3123683947492
138.4548788939232	752.1902030692187
138.4548788939232	753.0680377436886
139.3327135683927	753.0680377436886
140.21054824286253	753.945872418158
140.21054824286253	756.579376441567
141.08838291733204	756.579376441567
141.96621759180155	757.4572111160368
141.96621759180155	758.3350457905063
142.8440522662714	758.3350457905063
143.72188694074092	759.2128804649758
143.72188694074092	761.846384488385
144.59972161521074	761.846384488385
145.47755628968025	762.7242191628545
145.47755628968025	763.602053837324
146.35539096414976	763.602053837324
147.23322563861961	764.4798885117939
147.23322563861961	765.3577231862633
148.1110603130891	765.3577231862633
148.98889498755895	766.2355578607333
148.98889498755895	767.1133925352027
149.86672966202846	767.1133925352027
150.74456433649797	767.9912272096722
150.74456433649797	768.8690618841421
151.6223990109678	768.8690618841421
152.5002336854373	769.7468965586115
152.5002336854373	774.1360699309598
153.37806835990716	774.1360699309598
154.25590303437667	775.0139046054296
154.25590303437667	777.6474086288384
155.13373770884618	777.6474086288384
156.011572383316	778.5252433033083
156.011572383316	781.1587473267168
156.88940705778552	781.1587473267168
157.76724173225537	782.0365820011864
157.76724173225537	784.6700860245955
158.64507640672488	784.6700860245955
159.5229110811944	785.547920699065
159.5229110811944	788.1814247224743
160.40074575566422	788.1814247224743
161.27858043013373	789.0592593969437
161.27858043013373	789.9370940714133
162.15641510460358	789.9370940714133
163.0342497790731	790.8149287458828
163.0342497790731	791.6927634203529
163.9120844535426	791.6927634203529
164.78991912801243	792.5705980948225
164.78991912801243	793.4484327692919
165.66775380248194	793.4484327692919
166.5455884769518	794.3262674437615
166.5455884769518	795.2041021182309
167.4234231514213	795.2041021182309
168.3012578258908	796.0819367927012
168.3012578258908	796.9597714671706
170.9347618493	796.9597714671706
171.8125965237695	797.8376061416402
171.8125965237695	798.7154408161097
172.690431198239	798.7154408161097
173.56826587270885	799.5932754905792
173.56826587270885	800.4711101650494
176.2017698961177	800.4711101650494
177.0796045705872	801.3489448395188
177.0796045705872	802.2267795139884
179.7131085939964	802.2267795139884
180.5909432684659	803.1046141884578
180.5909432684659	803.9824488629274
183.22444729187478	803.9824488629274
184.1022819663446	804.8602835373975
184.1022819663446	805.7381182118671
184.98011664081412	805.7381182118671
185.85795131528363	806.6159528863366
185.85795131528363	807.4937875608061
186.73578598975348	807.4937875608061
187.613620664223	808.3716222352756
187.613620664223	809.2494569097457
188.49145533869282	809.2494569097457
189.36929001316233	810.1272915842153
189.36929001316233	811.0051262586848
190.24712468763184	811.0051262586848
191.1249593621017	811.8829609331543
191.1249593621017	812.7607956076238
192.0027940365712	812.7607956076238
192.88062871104103	813.638630282094
192.88062871104103	814.5164649565635
193.75846338551054	814.5164649565635
194.63629805998005	815.394299631033
194.63629805998005	816.2721343055025
195.5141327344499	816.2721343055025
196.39196740891938	817.149968979972
196.39196740891938	818.0278036544422
197.26980208338924	818.0278036544422
198.14763675785875	818.9056383289117
198.14763675785875	819.7834730033812
200.7811407812676	819.7834730033812
201.65897545573745	820.6613076778507
201.65897545573745	821.5391423523203
204.2924794791463	821.5391423523203
205.1703141536158	822.4169770267904
205.1703141536158	823.2948117012598
214.82649557278208	823.2948117012598
214.82649557278208	822.4169770267904
215.7043302472516	821.5391423523203
220.0935036195998	821.5391423523203
220.97133829406928	822.4169770267904
220.97133829406928	823.2948117012598
225.3605116664175	823.2948117012598
225.3605116664175	822.4169770267904
226.23834634088735	821.5391423523203
230.62751971323556	821.5391423523203
230.62751971323556	820.6613076778507
231.50535438770507	819.7834730033812
241.1615358068713	819.7834730033812
241.1615358068713	818.9056383289117
242.03937048134082	818.0278036544422
248.1842132026284	818.0278036544422
248.1842132026284	817.149968979972
249.06204787709788	816.2721343055025
252.57338657497658	816.2721343055025
252.57338657497658	815.394299631033
253.4512212494461	814.5164649565635
256.08472527285494	814.5164649565635
256.08472527285494	813.638630282094
256.9625599473248	812.7607956076238
261.351733319673	812.7607956076238
261.351733319673	811.8829609331543
262.2295679941425	811.0051262586848
268.37441071543003	811.0051262586848
268.37441071543003	810.1272915842153
269.25224538989954	809.2494569097457
271.88574941330876	809.2494569097457
271.88574941330876	808.3716222352756
272.76358408777827	807.4937875608061
273.6414187622478	807.4937875608061
273.6414187622478	806.6159528863366
274.51925343671763	805.7381182118671
277.15275746012645	805.7381182118671
277.15275746012645	804.8602835373975
278.03059213459596	803.9824488629274
278.9084268090658	803.9824488629274
278.9084268090658	803.1046141884578
279.7862614835353	802.2267795139884
280.6640961580052	802.2267795139884
280.6640961580052	801.3489448395188
281.5419308324747	800.4711101650494
284.1754348558835	800.4711101650494
284.1754348558835	799.5932754905792
285.05326953035336	798.7154408161097
285.9311042048229	798.7154408161097
285.9311042048229	797.8376061416402
286.8089388792924	796.9597714671706
289.4424429027016	796.9597714671706
289.4424429027016	796.0819367927012
290.3202775771711	795.2041021182309
291.1981122516406	795.2041021182309
291.1981122516406	794.3262674437615
292.0759469261104	793.4484327692919
292.95378160057993	793.4484327692919
292.95378160057993	790.8149287458828
293.8316162750498	789.9370940714133
294.7094509495193	789.9370940714133
294.7094509495193	789.0592593969437
295.5872856239888	788.1814247224743
296.46512029845866	788.1814247224743
296.46512029845866	787.3035900480047
297.34295497292817	786.4257553735346
298.220789647398	786.4257553735346
298.220789647398	785.547920699065
299.09862432186753	784.6700860245955
299.976458996337	784.6700860245955
299.976458996337	783.792251350126
300.85429367080684	782.9144166756565
301.73212834527635	782.9144166756565
301.73212834527635	782.0365820011864
302.6099630197462	781.1587473267168
303.4877976942157	781.1587473267168
303.4877976942157	778.5252433033083
304.3656323686852	777.6474086288384
306.9991363920944	777.6474086288384
306.9991363920944	776.7695739543686
307.8769710665639	775.8917392798991
308.7548057410334	775.8917392798991
308.7548057410334	775.0139046054296
309.63264041550326	774.1360699309598
310.5104750899728	774.1360699309598
310.5104750899728	773.2582352564903
311.3883097644426	772.3804005820205
314.0218137878515	772.3804005820205
314.0218137878515	771.5025659075509
314.899648462321	770.6247312330814
315.7774831367908	770.6247312330814
315.7774831367908	767.9912272096722
316.6553178112603	767.1133925352027
317.53315248572983	767.1133925352027
317.53315248572983	766.2355578607333
318.4109871601997	765.3577231862633
319.2888218346692	765.3577231862633
319.2888218346692	764.4798885117939
320.16665650913905	763.602053837324
321.04449118360856	763.602053837324
321.04449118360856	762.7242191628545
321.92232585807807	761.846384488385
322.8001605325479	761.846384488385
322.8001605325479	759.2128804649758
323.6779952070174	758.3350457905063
324.5558298814872	758.3350457905063
324.5558298814872	755.7015417670974
325.43366455595674	754.8237070926276
326.31149923042625	754.8237070926276
326.31149923042625	752.1902030692187
327.1893339048961	751.3123683947492
328.0671685793656	751.3123683947492
328.0671685793656	747.8010296968705
328.94500325383547	746.923195022401
329.822837928305	746.923195022401
329.822837928305	744.2896909989921
330.7006726027745	743.4118563245223
331.5785072772443	743.4118563245223
331.5785072772443	740.7783523011135
332.4563419517138	739.9005176266439
333.33417662618365	739.9005176266439
333.33417662618365	739.0226829521741
334.21201130065316	738.1448482777046
335.08984597512267	738.1448482777046
335.08984597512267	735.5113442542958
335.9676806495925	734.633509579826
336.84551532406203	734.633509579826
336.84551532406203	732.000005556417
337.7233499985319	731.1221708819476
338.6011846730014	731.1221708819476
338.6011846730014	730.2443362074777
339.4790193474709	729.3665015330082
340.3568540219407	729.3665015330082
340.3568540219407	726.7329975095993
341.2346886964102	725.8551628351295
342.11252337088007	725.8551628351295
342.11252337088007	723.2216588117207
342.9903580453496	722.3438241372511
343.8681927198191	722.3438241372511
343.8681927198191	719.7103201138419
344.74602739428894	718.8324854393724
345.62386206875846	718.8324854393724
345.62386206875846	716.1989814159635
346.5016967432283	715.3211467414937
347.3795314176978	715.3211467414937
347.3795314176978	695.130949228692
348.2573660921673	694.2531145542225
349.1352007666371	694.2531145542225
349.1352007666371	667.0402396456634
348.2573660921673	667.0402396456634
347.3795314176978	666.162404971194
347.3795314176978	658.261892900967
348.2573660921673	657.3840582264975
349.1352007666371	657.3840582264975
349.1352007666371	652.9948848541493
348.2573660921673	652.9948848541493
347.3795314176978	652.1170501796798
347.3795314176978	642.4608687605136
346.5016967432283	642.4608687605136
345.62386206875846	641.583034086044
345.62386206875846	633.6825220158171
344.74602739428894	633.6825220158171
343.8681927198191	632.8046873413476
343.8681927198191	628.4155139689994
342.9903580453496	628.4155139689994
342.11252337088007	627.5376792945295
342.11252337088007	624.9041752711207
341.2346886964102	624.9041752711207
340.3568540219407	624.0263405966512
340.3568540219407	619.637167224303
339.4790193474709	619.637167224303
338.6011846730014	618.7593325498332
338.6011846730014	616.1258285264242
337.7233499985319	616.1258285264242
336.84551532406203	615.2479938519548
336.84551532406203	610.8588204796066
335.9676806495925	610.8588204796066
335.08984597512267	609.9809858051367
335.08984597512267	607.3474817817279
334.21201130065316	607.3474817817279
333.33417662618365	606.4696471072583
333.33417662618365	603.8361430838495
332.4563419517138	603.8361430838495
331.5785072772443	602.9583084093797
331.5785072772443	600.3248043859708
330.7006726027745	600.3248043859708
329.822837928305	599.4469697115013
329.822837928305	598.5691350370314
328.94500325383547	598.5691350370314
328.0671685793656	597.691300362562
328.0671685793656	596.8134656880922
327.1893339048961	596.8134656880922
326.31149923042625	595.9356310136226
326.31149923042625	595.0577963391531
325.43366455595674	595.0577963391531
324.5558298814872	594.1799616646832
324.5558298814872	593.3021269902138
323.6779952070174	593.3021269902138
322.8001605325479	592.4242923157439
322.8001605325479	589.790788292335
321.92232585807807	589.790788292335
321.04449118360856	588.9129536178655
321.04449118360856	588.0351189433957
320.16665650913905	588.0351189433957
319.2888218346692	587.1572842689262
319.2888218346692	586.2794495944567
318.4109871601997	586.2794495944567
317.53315248572983	585.4016149199869
317.53315248572983	584.5237802455173
316.6553178112603	584.5237802455173
315.7774831367908	583.6459455710475
315.7774831367908	582.7681108965779
314.899648462321	582.7681108965779
314.0218137878515	581.8902762221085
314.0218137878515	581.0124415476387
313.14397911338165	581.0124415476387
312.26614443891214	580.1346068731691
312.26614443891214	579.2567721986993
311.3883097644426	579.2567721986993
310.5104750899728	578.3789375242297
310.5104750899728	577.5011028497603
309.63264041550326	577.5011028497603
308.7548057410334	576.6232681752904
308.7548057410334	575.7454335008209
306.1213017176246	575.7454335008209
305.2434670431551	574.867598826351
305.2434670431551	573.9897641518816
304.3656323686852	573.9897641518816
303.4877976942157	573.111929477412
303.4877976942157	572.2340948029422
302.6099630197462	572.2340948029422
301.73212834527635	571.3562601284727
301.73212834527635	570.4784254540028
299.09862432186753	570.4784254540028
298.220789647398	569.6005907795334
298.220789647398	568.7227561050638
297.34295497292817	568.7227561050638
296.46512029845866	567.844921430594
296.46512029845866	565.2114174071851
295.5872856239888	565.2114174071851
294.7094509495193	564.3335827327156
294.7094509495193	563.4557480582458
293.8316162750498	563.4557480582458
292.95378160057993	562.5779133837763
292.95378160057993	559.9444093603674
292.0759469261104	559.9444093603674
291.1981122516406	559.0665746858975
291.1981122516406	557.3109053369582
290.3202775771711	557.3109053369582
289.4424429027016	556.4330706624887
289.4424429027016	553.7995666390799
288.56460822823175	553.7995666390799
287.68677355376224	552.92173196461
287.68677355376224	552.0438972901405
286.8089388792924	552.0438972901405
285.9311042048229	551.166062615671
285.9311042048229	548.5325585922618
285.05326953035336	548.5325585922618
284.1754348558835	547.6547239177924
284.1754348558835	546.7768892433228
283.297600181414	546.7768892433228
282.4197655069442	545.899054568853
282.4197655069442	545.0212198943834
281.5419308324747	545.0212198943834
280.6640961580052	544.1433852199136
280.6640961580052	543.2655505454441
278.03059213459596	543.2655505454441
277.15275746012645	542.3877158709746
277.15275746012645	541.5098811965047
269.25224538989954	541.5098811965047
268.37441071543003	540.6320465220352
268.37441071543003	539.7542118475654
262.2295679941425	539.7542118475654
261.351733319673	538.8763771730959
261.351733319673	537.9985424986264
256.9625599473248	537.9985424986264
256.08472527285494	537.1207078241565
256.08472527285494	536.2428731496871
253.4512212494461	536.2428731496871
252.57338657497658	535.3650384752171
252.57338657497658	534.4872038007477
243.7950398302802	534.4872038007477
242.91720515581034	533.6093691262781
242.91720515581034	532.7315344518083
222.72700764300865	532.7315344518083
222.72700764300865	533.6093691262781
221.84917296853914	534.4872038007477
219.2156689451303	534.4872038007477
218.33783427066044	533.6093691262781
218.33783427066044	532.7315344518083
198.14763675785875	532.7315344518083
