452
0.005505164200798715
0.0055129023277623096
0.005607741549082043
0.006036893571797564
0.0067203169846596885
0.007408198501154385
0.008101343424874292
0.008801924513469693
0.009510061561466138
0.009961001716368637
0.010061316075236287
0.010069511528272738
0.010077707966332882
0.010178194273398514
0.01063358909704515
0.011361108510924697
0.012096810847222767
0.012843119717296158
0.01360027397305578
0.014368273614501003
0.014858699039364697
0.014967938854121489
0.01497686575674875
0.014985794073221865
0.015095280692444665
0.015592100090339102
0.016388392160667235
0.017198677889727405
0.01802337303015553
0.01886247758195078
0.019715991545112343
0.02026223766407045
0.020384036896008817
0.020393992135288908
0.020403949253034827
0.020526076394665
0.021081152626277865
0.021975222556849312
0.02288762957179749
0.023818373671121346
0.024767454854819845
0.025734873122891945
0.026355364515264358
0.0264940320080158
0.026505371430667526
0.026516713815934345
0.02665589847018513
0.027289655013275897
0.028312076956050876
0.029357224646101826
0.03042509808342751
0.031515697268026624
0.03263006794364514
0.033347641556615716
0.03350811460048925
0.033521238348662115
0.03353436570556805
0.03369546869890978
0.03442936243758749
0.03561444670147294
0.036827212980413
0.03806766127440609
0.039336649520755156
0.040638405784091496
0.04147736763200242
0.04166503872060623
0.041680387588769185
0.04169574080097701
0.04188417019691544
0.04274277754283932
0.044130011818641804
0.04555056856888538
0.04700511394536037
0.04849849122313703
0.050031641760289285
0.0510200052907404
0.05124112457119765
0.051259209475288364
0.0512772995643729
0.05149932395031241
0.052511136084175736
0.05414631203261859
0.055821735566509656
0.05754283031311634
0.05931109167813839
0.061126519661573404
0.06229689295434332
0.06255873565768236
0.06258015130817511
0.06260157310748819
0.06286448916427063
0.06406266986701471
0.06599938117828759
0.06798946659728343
0.07003518524766483
0.07213653712942923
0.0742935222425741
0.07568388141452367
0.07599491912076678
0.07602035800214124
0.07604580413607591
0.0763581078673698
0.07778140310488942
0.08008761332723609
0.08245910683621577
0.08489588363182592
0.087397943714064
0.0899652870829275
0.09161979095551828
0.09199018267477295
0.09202048451916243
0.09205079629346505
0.09242292140318886
0.09412108891089216
0.09687315602275048
0.09970139391256712
0.10260580258034
0.10558638202606697
0.1086442648571954
0.11061893226995946
0.1110611821850846
0.11109736040961539
0.11113355013462059
0.11157780760131183
0.11360448473164388
0.11688674559212146
0.12025722475499812
0.12371592222027308
0.12726366267036232
0.13090983214146626
0.13326371662412057
0.1337906762384495
0.13383378064249646
0.13387689822279594
0.13440615791671096
0.13681963065187905
0.14072506997645493
0.14473158222981775
0.14883974937934272
0.15305864618274787
0.15739136165317394
0.16018522812648064
0.1608103541800528
0.16086148317896445
0.16091262701571177
0.16154034319896254
0.16440131226396973
0.16902599265002585
0.17376492922238074
0.17862590432518535
0.18361128196930593
0.18872106215476256
0.19201094220737033
0.19274653204112632
0.19280668763235337
0.19286685944117027
0.19360528025795298
0.19696850269944635
0.2023977366004995
0.20795716259744704
0.21364509679199056
0.21946153918417186
0.22540648977403274
0.2292257299434117
0.23007882218796594
0.23014857335861985
0.23021834128209268
0.23107435794059086
0.23496936101730861
0.24124666727396316
0.2476414733915954
0.2541537124926867
0.260783384577317
0.2675304896455667
0.27185042986950353
0.2728153079429205
0.27289418988492814
0.2729730815689301
0.27394029532168457
0.2783241072765597
0.2853291241977957
0.2924088704019906
0.29956334588928246
0.3067925506598093
0.3141000455497716
0.3187315912555694
0.3197563484048092
0.3198399800652732
0.31992360840734163
0.3209477862891229
0.3255643248900366
0.3328562710389701
0.3401227623044347
0.3473637986866126
0.35458081927459423
0.3616826219323327
0.3660640179198983
0.36702404393980015
0.3671022423354431
0.36718041490838843
0.3681359332536889
0.37240054873764616
0.3789942367455718
0.3853898429669694
0.39158607015305297
0.3974611983308201
0.4029543260238915
0.40622545572308283
0.40692958077298136
0.40698673045024897
0.40704383032847613
0.4077392623333893
0.41078518097343225
0.41529841018244973
0.4193943087118511
0.4229691992035972
0.4260178437497123
0.4285402423501964
0.42986166489004163
0.4301260484522004
0.43014717628608873
0.4301682355165482
0.43042064349264897
0.43142535425957135
0.43251897752223467
0.4330243339189235
0.432941423449637
0.43227024611437576
0.43100612675548927
0.4299014071287929
0.4296282666715966
0.4296055148901966
0.4295826944897442
0.4292975757192499
0.4278825334576959
0.4252117412096575
0.42201458317223095
0.41829105934541627
0.4140642466470379
0.4094432336315549
0.406329188119048
0.4056186537952244
0.40556032093613564
0.40550193825710085
0.4047827072389136
0.4014433561226825
0.395842033257527
0.38985810010613225
0.38360457230787315
0.37715285090530465
0.37050293589842503
0.366202766534486
0.3652393651122908
0.3651605489262918
0.36508170690301855
0.36411379526162974
0.3596967794712266
0.35254348431829485
0.34532059798817105
0.3380722041844375
0.3307983029070874
0.3234988941561136
0.3188776173084148
0.317852386820608
0.3177686725060974
0.3176849548663354
0.3166591439143024
0.31202426802868916
0.3047413607086083
0.2975331638433171
0.2903996774328099
0.2833409014770809
0.27635683597612426
0.2719865757875811
0.27102511012885383
0.2709467245566063
0.27086835429308354
0.26990956096362345
0.2656105313237283
0.2588965473294815
0.2522999941177762
0.24582087168860886
0.2394591800419762
0.23321781160759153
0.2293457117793828
0.2284947696704864
0.2284254160004534
0.228356079083917
0.22750806150733727
0.22371172765314168
0.21780306546167894
0.21202291666962633
0.20637128127698207
0.20084881644865574
0.19545506150356892
0.19211402648051026
0.19138052171908262
0.19132075122699446
0.19126099695341495
0.19053032333541595
0.1872626348567761
0.18218801240881646
0.17723779955079627
0.17241208825807286
0.16770574749223513
0.16311323286054627
0.16027257399449932
0.15964935798674548
0.1595985815177123
0.15954781988748812
0.15892719417933943
0.15615364230728151
0.15185311174568009
0.14766640957812716
0.14358738626481446
0.13960944326768152
0.13573258058672752
0.13333715219122624
0.132811890662004
0.1327690994688759
0.1327263214529635
0.13220336017143955
0.12986752438374283
0.12624995050623264
0.12272793528029573
0.11929417789425958
0.11594864530566687
0.11269133751451806
0.11068041668915218
0.11023965041950953
0.11020374569579126
0.11016785247339414
0.10972909390312284
0.10777018662452346
0.10473483883330177
0.10177579545990591
0.09889292852724622
0.09608623803532339
0.09335572398413694
0.09167116591541123
0.09130205631459527
0.09127199070917581
0.09124193503440776
0.09087447116666891
0.08923173308179268
0.08668284882885925
0.08419925283984772
0.08178094511475859
0.07942792565359152
0.0771401469195568
0.07572691804803232
0.07541681437815358
0.07539154784443207
0.07536628856377842
0.0750574510075617
0.07367702339259391
0.07153577328123825
0.06945016029512276
0.0674201844342473
0.06544584569861228
0.06352276982955267
0.06233300814261299
0.06207195751201052
0.06205068799516002
0.06202942462754858
0.06176944742349176
0.06060749504038778
0.058805408601085164
0.05705049199253838
0.055342745214747864
0.053679024833334046
0.05205509225443329
0.05105037951455514
0.05082992816442756
0.05081196648880339
0.05079400999853132
0.050574463816430104
0.04959320130029589
0.048071301182785436
0.04658917707303546
0.04514462546056319
0.04373348561829372
0.042355670713583544
0.04150301111810833
0.04131589959323766
0.041300653964468755
0.04128541268006586
0.041099059518582
0.040266046873266466
0.03897371629934672
0.0377132080135784
0.03648057994521412
0.035275635957211685
0.03409837604957133
0.033369422918011676
0.03320941463928794
0.033196376648624334
0.033183342266963047
0.033023963984706875
0.032311332196469325
0.031204095895870174
0.03011991313976969
0.029058457725295535
0.02801972965244792
0.027003728921226728
0.026374026932564014
0.02623574066045549
0.02622447161388337
0.026213205530134207
0.026075436455807018
0.02545850844468501
0.024496262373274555
0.023552354565249695
0.022626785020610635
0.021719553739357255
0.02083066072148975
0.02027845056054885
0.020156890848566922
0.020146980052314047
0.020137071134633484
0.020015839350930844
0.019472154668242675
0.018622698748119466
0.01778765305615533
0.01696701759235015
0.016160792356704104
0.015367923755101077
0.014873026347440558
0.014763965587717837
0.014755072035894117
0.014746179898008091
0.014637365958786492
0.014148862939579237
0.013383909009788312
0.01262980117031702
0.011886539421165526
0.01115339221470169
0.010427982277130855
0.009973919467047423
0.00987372830151382
0.009865555957132646
0.009857384597849532
0.00975736539349565
0.009307757588474653
0.008601731480115263
0.007903261901615496
0.007211856379163258
0.0065252030492888415
0.005843008176575842
0.005414631917621863
0.005319964587670973
0.005312240492961184
