452
0.005540679744091412
0.005548468690004571
0.005643931043951735
0.006075909457700118
0.006763856237247493
0.007456317878880621
0.00815410969231022
0.00885943500175082
0.009572415624113506
0.010026464704060555
0.010127473210842725
0.010135725414822747
0.010143978616778564
0.010245161332710393
0.010703723655965659
0.011436341503483332
0.012177249780880056
0.012928909706315975
0.013691564553301108
0.014465214321835422
0.014959283691400996
0.015069338895309236
0.015078332489464398
0.015087327516959475
0.015197632928266572
0.015698184430778417
0.01650051666660927
0.017317045127206485
0.01814819415532111
0.018993963750953118
0.019854353914102483
0.02040504973165416
0.020527846192647956
0.02053788302074872
0.020547921754842446
0.0206710509307312
0.021230706139856975
0.02213226113122781
0.023052442288217588
0.02399124961082626
0.024948683099053803
0.025924742752900205
0.026550843315437934
0.026690773607141335
0.026702216451390776
0.026713662308967625
0.026854118614636255
0.02749370958280959
0.02852569068900234
0.029580786548427784
0.03065899716108594
0.03176032252697675
0.03288583111909977
0.03361069685284865
0.033772813427499423
0.03378607178895543
0.03379933382669247
0.0339620921421566
0.034703583480456976
0.03590112515515975
0.037126866994725845
0.03838080899915517
0.03966382992063893
0.04098028447335846
0.04182887813321851
0.04201872011582077
0.04203424679143986
0.0420497779004049
0.04224039377895806
0.043109036791728124
0.044512726538834126
0.0459504237745529
0.04742281231197981
0.04893489615067346
0.050487652134300044
0.05148885550972325
0.051712867965714227
0.05173118982373129
0.051749516983924305
0.05197445500100672
0.05299963692411544
0.05465672411872105
0.05635497145274462
0.05809999945280683
0.05989336347036594
0.06173506350542193
0.06292262458832319
0.06318833835371292
0.06321007101923458
0.06323180998602387
0.06349862371644331
0.06471468163673508
0.06668067390842995
0.0687014491256138
0.07077936035678552
0.07291440760194509
0.07510659086109253
0.07651994456510068
0.07683615781041234
0.07686202048266558
0.07688789060338756
0.07720540407202295
0.07865258492275952
0.08099811252399229
0.08341082100468616
0.0858907103648411
0.08843778060445714
0.09105203172353432
0.09273713205438597
0.09311441822109386
0.09314528489506044
0.09317616180347447
0.09355523452092919
0.09528532942914256
0.09808987570386889
0.10097292879092469
0.10393448869031018
0.10697455540202531
0.1100943162391061
0.112109440728302
0.11256080347680092
0.11259772799978748
0.11263466438456037
0.11308809775611524
0.11515686595845409
0.11850806072391433
0.12195024535683069
0.12548341985720343
0.129108455129244
0.13283500220072503
0.1352412315833579
0.13577995614495655
0.1358240236402291
0.13586810471739447
0.13640920016816
0.1388768522699062
0.1428706510011117
0.14696863426287052
0.151171422870587
0.155488214349033
0.15992203066194838
0.16278137338505103
0.1634211787675952
0.16347350884811543
0.1635258541844395
0.16416832265823933
0.16709665819149158
0.1718306638038656
0.17668216052442126
0.18165883588954765
0.18676278988505962
0.19199402251095776
0.19536205688355837
0.19611511710151974
0.1961767013305233
0.1962383021520547
0.19699425880314625
0.20043733118303997
0.20599540485223053
0.21168620483399814
0.21750757387937203
0.22345951198835362
0.22954201916094413
0.2334491604742167
0.23432183856950772
0.23439319036500772
0.2344645591819889
0.23534020858959268
0.23932432780809312
0.24574383915520262
0.2522821073210201
0.25893906738677513
0.2657147193524695
0.27260906321810563
0.27702260405915674
0.2780081538786536
0.27808872120217437
0.2781692985803456
0.2791571874606978
0.2836349025903491
0.2907906206129375
0.2980234662557092
0.3053334395186682
0.3127205404018189
0.32018789228818334
0.32492253408854677
0.32597062300750584
0.3260561671586128
0.326141709177193
0.3271894258369002
0.33191442350215083
0.33938559108982747
0.3468404004031892
0.35427885144224397
0.36170285935315494
0.3690291317842791
0.37356187667181145
0.3745564440811969
0.3746374783514467
0.3747184892396552
0.3757089750213827
0.3801359770202706
0.3870021597174638
0.3936889825072724
0.4001957075041968
0.4064035764034142
0.41223279396132295
0.41571782292910897
0.41646951849089026
0.4165305543677725
0.4165915408822214
0.41733461961424545
0.4205964120338061
0.4254543222499758
0.4298913540016441
0.4337728923125855
0.43708998384739667
0.4398426286060768
0.44128973583830083
0.4415799049502397
0.4416031047344275
0.44162623093518044
0.4419035551387662
0.44300935178837997
0.44421023347022753
0.44476533585469524
0.44467465894178265
0.44393820273148993
0.4425497708219083
0.44133550239048747
0.44103602438016243
0.4410110894967802
0.44098608099847464
0.4406737525831224
0.43912656820204843
0.4362152018124234
0.4327391471050423
0.42869840407990534
0.4241264583728932
0.4191618125283589
0.41583251294279266
0.41507446478915994
0.4150122560721437
0.41494999796115195
0.4141833274716957
0.410630648692022
0.4046940748502454
0.39838158882139574
0.39182325335825224
0.38508543966341385
0.3781681477368748
0.3737088193735657
0.3727111652277695
0.37262956906479194
0.3725479495043479
0.37154621103823054
0.36698107002735514
0.3596086962972916
0.35218167295874353
0.34473824982083284
0.33727842688355897
0.3298022041469219
0.32507399376610263
0.3240255630821663
0.32393996274003073
0.32385436025995457
0.32280555637179653
0.3180689790434269
0.31062630246541956
0.3032607443528292
0.2959723047056569
0.28876098352390356
0.2816267808075701
0.2771629510323561
0.27618068633444487
0.2761006039743192
0.27602053708788016
0.2750409735153738
0.27064850321756473
0.2637875390898389
0.2570452711399964
0.25042169936803776
0.24391682377396295
0.23753349908081098
0.23357260948493175
0.23270210715952633
0.23263115852059454
0.23256022690436243
0.23169269610400806
0.22780878992477405
0.22176309538984965
0.21584797926694127
0.21006344155604872
0.2044101844292184
0.19888837155389263
0.19546797536653293
0.19471704319508387
0.19465585254340895
0.1945946784855076
0.19384664296465035
0.19050129041836808
0.18530599414665763
0.18023798606129654
0.17529737924788572
0.17047938658763007
0.16577842796738956
0.16287095985676528
0.16223311510644348
0.16218114722488444
0.16212919460032926
0.16149401315075027
0.15865554327746886
0.15425479757052757
0.1499710891860461
0.1457983452293082
0.14172979477165176
0.13776543781307565
0.1353163770241475
0.13477940100654612
0.13473565621738476
0.13469192501128543
0.13415732008694428
0.13176968730458724
0.1280726050115869
0.12447410846039077
0.12096664955907735
0.11755018867666034
0.11422472581314
0.11217220644845426
0.11172237348506435
0.11168573101820221
0.1116491004141889
0.1112013382593543
0.1092024674135503
0.10610594507699625
0.10308807410045462
0.1001487164489023
0.0972878721223395
0.09450554112076548
0.09278947414622471
0.09241350970200565
0.09238288653580697
0.09235227360490482
0.09197800530575345
0.0903050166977432
0.08770976262148536
0.08518169435277344
0.08272081189160779
0.08032711523798777
0.0780005547509905
0.07656371347618932
0.07624845946330971
0.07622277379123986
0.0761970955681345
0.0758831418651174
0.07447998776918743
0.0723039640369494
0.07018508012149237
0.06812333602281576
0.06611873174091988
0.06416671384453577
0.06295928281381712
0.0626943805745636
0.06267279765080495
0.06265122102875703
0.06238741883187999
0.06120848664237679
0.05938045775483623
0.057600768283658024
0.05586941822884235
0.054183141537519096
0.05253755113882771
0.05151962875165869
0.05129629926624224
0.05127810341738693
0.05125991287110463
0.05103750901608515
0.05004356697210295
0.048502315596657304
0.04700173941165358
0.04553955506369561
0.04411146852643003
0.04271739201359737
0.0418548191752213
0.04166554829497257
0.041650126983977576
0.0416347101066591
0.04144621318006797
0.04060369118961232
0.039296856375991174
0.03802247922517668
0.036776503827587785
0.035558730694550046
0.03436915982606366
0.033632701566967856
0.03347105845538624
0.033457887456514235
0.033444720134197005
0.03328371881121059
0.032563887394552016
0.03144563980542452
0.030350840736385148
0.029279158143333987
0.028230592026271227
0.02720514238519664
0.026569675641033998
0.02643013315989409
0.026418761901725835
0.026407393657109555
0.026268377229138995
0.025645897126653792
0.024675091687329075
0.023722913652419943
0.022789363021926554
0.02187443979584873
0.02097814397418659
0.02042139762754621
0.020298844279334587
0.020288852552302585
0.02027886273137234
0.020156642117046434
0.01960854564728748
0.01875227359439738
0.01791062294353956
0.017083593694713885
0.016271185847920464
0.01547232529734101
0.014973722626443484
0.014863849019431812
0.0148548892418439
0.014845930897682984
0.014736307513271426
0.014244187369139651
0.013473625765546369
0.012714059751494505
0.011965489326984161
0.011227170361894481
0.010496689934759345
0.010039477242644661
0.009938593568987667
0.009930364779099199
0.009922136987254911
0.009821427534685678
0.009368728395160184
0.00865788653886835
0.007954700520097464
0.007258670307232729
0.006567452401706259
0.005880749690200006
0.005449556831906695
0.005354268537536744
0.005346493800855341
