452
0.004948435306218314
0.004955390630248477
0.005040635668348983
0.005426371806987998
0.006040649711507122
0.0066589275572056785
0.007281927626825883
0.007911600352932448
0.008548053429939187
0.008953339862297712
0.009043497701563654
0.009050863381096903
0.009058229944542558
0.009148542081768199
0.009557825917451612
0.010211671788013979
0.010872861114284552
0.011543570431990554
0.012224014217022613
0.01291419246938078
0.01335491693901332
0.01345308547671107
0.013461107642163175
0.013469131076637575
0.013567521138039515
0.014013984631009979
0.014729556772693934
0.015457691449094335
0.01619876299656813
0.016952771415115375
0.01771971670473611
0.018210553469242993
0.01831999721225146
0.01832894256841578
0.018337889611079964
0.018447627753720667
0.018946391747844595
0.01974975438232932
0.02056958984684525
0.02140589814139244
0.02225867926597093
0.023127933220580793
0.023685460285777515
0.02381005698957219
0.023820245798728552
0.023830437271984983
0.023955499027747042
0.02452495297844402
0.02544365033491804
0.026382783577465495
0.027342352706086464
0.028322357720780997
0.029323740764978637
0.029968584567691945
0.030112795861413556
0.030124589745048534
0.03013638687896686
0.0302811655502733
0.030940708426445123
0.03200577640635365
0.0330957767905899
0.034210709579153946
0.035351348206817644
0.03652156146804898
0.0372758145605666
0.0374445438190873
0.03745834362244444
0.03747214734826727
0.037641561322201325
0.03841355336392667
0.039660949200041914
0.04093843364379935
0.04224660541068462
0.0435899459171395
0.04496934306594126
0.04585872776637903
0.04605771761285753
0.04607399282264734
0.0460902727329186
0.04629008310718829
0.047200725253460925
0.04867261403667533
0.05018098279390631
0.05173093401522018
0.05332391104986354
0.05495991389783647
0.05601488327172855
0.056250934646962326
0.056270241306667045
0.056289553575380916
0.05652658407327498
0.05760691961652791
0.059353539463704065
0.061149128537503865
0.06299595379737176
0.0648940152433078
0.06684331287531219
0.0681002940658615
0.06838154442860224
0.06840454789254558
0.0684275580358336
0.06870997436167701
0.06999725725884183
0.0720843924418599
0.0742325448433721
0.07644171446337843
0.07871190130187908
0.08104310535887417
0.08254627320590757
0.08288289585599387
0.08291043815856654
0.08293798995586607
0.08327627002921359
0.08482086179681393
0.08732693838787749
0.08990584751232732
0.09255758917016352
0.09528216336138633
0.09808059805494032
0.09989054926844976
0.10029626090544529
0.10032945569253934
0.10036266187129954
0.10077036206601853
0.10263183092286682
0.10565171710981831
0.10875898694835567
0.11195364043847882
0.11523631474514776
0.11862004761834669
0.12081066152677435
0.12130170021039405
0.12134187633001295
0.12138206623515918
0.12187551135491258
0.1241284688991246
0.1277834603616067
0.13154419840321965
0.13541089935709757
0.13939917859626316
0.14351711014755017
0.146183535897705
0.14678128107388616
0.1468301885740236
0.1468791129761309
0.14747980860244742
0.15022267178057325
0.1546731843342188
0.1592531974035927
0.16398119239595
0.1688710014188816
0.17392262447238727
0.17719505379008393
0.17792879499464245
0.17798883198818055
0.17804889007641292
0.17878631362354264
0.18215414153540477
0.1876205624610061
0.19326976898851414
0.1991248450556236
0.2051857906623333
0.21145260580864253
0.21551487540389563
0.21642598353510278
0.2165005375104214
0.21657511832367857
0.21749091135252463
0.22167455277560688
0.22849328866161078
0.2355761225960572
0.24292309591839029
0.2505342086286076
0.2584094607267066
0.26351714676537363
0.264663901228697
0.2647578082830904
0.2648517577922821
0.2660060847521148
0.27129553473816115
0.27993977946542054
0.2889096881704149
0.2982052608531382
0.30782649751358426
0.317785325395076
0.32426406192399027
0.32571694260297174
0.3258358253772332
0.3259547504563785
0.3274150159816299
0.33408507201399584
0.34491529203500915
0.3560700260622208
0.3675492740956162
0.379369312195221
0.39146576043652587
0.39913672656760435
0.4008398539544361
0.4009789425192086
0.4011180398021217
0.40282268904943314
0.41053308207994943
0.4228010776650542
0.4351359487168758
0.44753793444569917
0.45976692619660486
0.47159476347808693
0.4788551547983807
0.48044207724493226
0.4805712754732687
0.4807004214055778
0.48227821492693546
0.48930210282233805
0.5001009082774021
0.5103948763238983
0.519539547559201
0.5274339181592201
0.5340779881239558
0.5376286032939597
0.5383478211003812
0.5384054529230616
0.5384629217517819
0.5391536869250181
0.5419227355272084
0.5448694970397241
0.5462306005020715
0.5460060459142502
0.5441958332762603
0.5407661582593006
0.5377300772196315
0.5369899910857279
0.536928495963899
0.5368668378341869
0.5360982966367102
0.5323250291432455
0.5253281854181254
0.5170809342586358
0.5075832756647765
0.497090550732062
0.48617931389570396
0.4790840139916494
0.47749035354858177
0.47735991162996133
0.47722941730551754
0.4756266087710465
0.4682943089023314
0.4563518797836305
0.4440247234675716
0.4316409705676098
0.4193240382218448
0.4070739264302531
0.39937479522574915
0.3976726381012572
0.397533744209515
0.39739485902875604
0.39569422251511716
0.3880344858359423
0.37597771072015945
0.3642654242174822
0.3528777256366621
0.34181461497767524
0.33107609224049833
0.32446396308712694
0.32301653538572955
0.3228986583560429
0.322780823640876
0.32134078246781733
0.3149224950544403
0.3050677572806884
0.2955387054476961
0.2863353395554529
0.2774576596039479
0.2689056655931711
0.26367456255390004
0.2625331365169624
0.262440187037591
0.2623472719969059
0.26121185766315175
0.2561513508347802
0.24835085969944823
0.2408145422263667
0.23354239841553096
0.22653442826693665
0.2197866929673625
0.21563985567533647
0.2147322180983848
0.21465830305887176
0.21458441486070365
0.2136814627760594
0.20965601271795647
0.20344754192069972
0.19744496679468182
0.19164828733990108
0.18605560906594693
0.18063476315677926
0.17729589043791472
0.17656488245251967
0.17650534809113916
0.17644583482558882
0.17571850938108416
0.172475040394244
0.167469298311404
0.1626253789739152
0.15794272214384383
0.1533992816661011
0.14898550431255184
0.1462658377629644
0.1456702819878653
0.1456217771747872
0.14557328926508847
0.1449806841861709
0.14233746143888726
0.1382562928225624
0.13430476609208522
0.13046824577459606
0.1267374781762098
0.1231124632969257
0.12087843323683571
0.12038918187725131
0.12034933432517674
0.12030950055943006
0.11982265577570435
0.1176509729712618
0.11429723243136948
0.11104002473051519
0.10787012288581
0.10478760660318212
0.10179247588263239
0.0999466362226318
0.09954239881660855
0.09950947531612661
0.09947656320755988
0.09907431440273651
0.09727999351241925
0.09450317167811381
0.09179920951396618
0.08916808517314527
0.08660979865565172
0.08412434996148528
0.08259278338173266
0.08225738935496117
0.08223007315786923
0.08220276645619376
0.08186890047575816
0.08037668559173763
0.07806275358043925
0.07580984313679805
0.07361795426081452
0.07148708695248857
0.06941718057956799
0.06813914488294909
0.06785875633244766
0.06783591172337274
0.06781307379387372
0.06753385124684437
0.06628602324814574
0.06435122593969314
0.06246766659127133
0.060635345202880275
0.05885426177452047
0.05712006732574316
0.05604741217723734
0.05581208339466408
0.055792910043178254
0.0557737423009569
0.055539392685617084
0.05449210486122951
0.052868271370515744
0.051287465651818874
0.049749687705139385
0.04825192488778347
0.046790226219672125
0.04588601908996071
0.04568763461427326
0.04567147110717541
0.04565531230105548
0.04545774843982501
0.04457480100120274
0.04320560373665632
0.04187246692283245
0.040573326188276394
0.03930434899304286
0.03806546220735441
0.03729884288696216
0.037130619349370765
0.037116912803581134
0.03710321018049205
0.03693567139931925
0.036186792090459455
0.035025092501854455
0.033892096386676326
0.0327842073078638
0.03170125219387868
0.030643231044721234
0.029988137661149192
0.02984434486964899
0.029832628217062604
0.029820914814962966
0.029677689436559327
0.029037296046449716
0.02804233066637917
0.027068094837855418
0.026114296372388407
0.025180935269978416
0.02426801153062539
0.02370220324527681
0.023577949274981254
0.023567823744671177
0.023557700878653696
0.0234339119939367
0.022879585381236245
0.022014977533290778
0.021166844244370563
0.02033518551447581
0.019520001343606482
0.0187212917317628
0.018225103001281693
0.018115874809168014
0.018106969395624766
0.01809806566865785
0.017989131889522
0.017500597043480042
0.01673729852655548
0.01598693746715346
0.015249513865273926
0.014525027720917075
0.013812530537532482
0.013367793147184148
0.013269785502316804
0.013261793285429042
0.01325380233755004
0.01315601621402445
0.012717017785810168
0.012029573540005948
0.011351863657714692
0.010683888138936578
0.010024990065793372
0.009373035423779852
0.00896494601199497
0.008874898552979993
0.008867553596731775
0.00886020952451867
0.00877031638488244
0.008366224931326641
0.00773166549726936
0.007103887355334622
0.006482448458396787
0.005865273466118049
0.005252098661427855
0.00486705904047625
0.004781968330811752
0.004775025605234077
