452
0.004943440889397132
0.0049503907694576615
0.005035569591025661
0.0054210177163524186
0.006034875797004704
0.006652778441023043
0.007275455832155302
0.00790488472294947
0.008541174731417713
0.008946399806770153
0.009036548408043058
0.009043913403209479
0.009051279292817373
0.009141584030029834
0.0095508541253239
0.010204744108339377
0.010866064358136555
0.011537026476498484
0.01221784977037967
0.012908534239780075
0.013349643531081258
0.013447904160376918
0.013455933952943321
0.01346396503105018
0.013562450067501928
0.014009373083842957
0.014725782012917422
0.015454933636511178
0.016197211967826957
0.01695261700686471
0.017721148753624356
0.01821308480552169
0.018322782336257625
0.018331748573741827
0.018340716522473717
0.01845071277288491
0.01895069238216601
0.019756199972351635
0.020578455260025816
0.021417458245188436
0.022273208927839436
0.02314570730797874
0.023705428613821782
0.02383053131739162
0.02384076176958166
0.023850994936729063
0.023976571570042633
0.024548444437919398
0.025471291618115566
0.026414964802562713
0.027379463991260723
0.0283647891842095
0.029371907455012305
0.03002064688578953
0.03016575094842983
0.03017761818651711
0.03018948874663976
0.03033517271207107
0.030998935707317803
0.032071137390729684
0.03316882187649977
0.034291989164627903
0.03544143723903461
0.036621203560317596
0.03738188467426946
0.03755207967076902
0.0375659997923141
0.037579923936869486
0.03775082120010065
0.038529695965953785
0.039788623283969794
0.04107841047126091
0.04239967748512353
0.04375713196613765
0.04515171521949863
0.0460512390264899
0.046252533036664066
0.04626899726740553
0.0462854663383954
0.046487605274430105
0.04740901860900062
0.04889884369894225
0.050426234848433636
0.05199659167389013
0.053611458608385586
0.0552708356519198
0.056341325536985454
0.056580895567210035
0.05660049074598409
0.05662009172726576
0.05686067465772392
0.05795740578907313
0.05973121726515514
0.06155587258511494
0.06343380821361634
0.06536502415065905
0.06734952039624281
0.06862977516282778
0.06891629208225417
0.06893972723461961
0.06896316933280935
0.06925089873268411
0.07056266037304915
0.0726906924476736
0.07488252914674486
0.07713817047026267
0.07945761641822677
0.08184086699063689
0.0833783293566124
0.0837227239640759
0.08375090395400596
0.08377909392799988
0.08412523137860514
0.08570620195924498
0.0882729651187099
0.09091631443711237
0.09363624991445203
0.09643277155072864
0.09930700801603654
0.10116722076203917
0.10158433295840262
0.10161846264715484
0.10165260436813929
0.10207181694105007
0.1039864442250704
0.10709454249463621
0.11029493809620593
0.1135876310297792
0.1169733643339933
0.1204660587705922
0.12272859884901122
0.12323590164164124
0.12327741070745432
0.12331893435333457
0.12382878227894796
0.12615725921790621
0.12993684644711484
0.13382827504317496
0.1378319102961637
0.14196397369489241
0.14623235876686808
0.14899720056725765
0.14961710973536343
0.14966783230102623
0.14971857263810234
0.15034158402854936
0.15318679522543655
0.1578048693850176
0.16255934725278423
0.16746848497389066
0.17254434510232644
0.17778692763809215
0.1811824377893514
0.18194371255625688
0.1820060014267076
0.1820683120317273
0.18283338083933445
0.18632718335262705
0.191997432732346
0.1978539118771102
0.2039131092359
0.2101750248087168
0.2166396585955619
0.22082518910237295
0.22176343602837828
0.22184020269384253
0.22191699578642646
0.2228598558965101
0.2271649003451081
0.23416962054171492
0.2414134084511534
0.2488962472848166
0.25661813704270814
0.26457907772483175
0.2697279406205256
0.27088316735201756
0.27097773594448726
0.27107233789801716
0.2722339192872968
0.27753913266226454
0.28615144987289665
0.2950196744475109
0.30414380638611654
0.3135238456887221
0.3231689868025275
0.32939266978874
0.3307822227133843
0.3308958266569221
0.3310094564195887
0.3324035163959482
0.3387439637486229
0.3489489286845347
0.3593519480355405
0.3699530218016615
0.3807621781531095
0.39169152807214297
0.3985679959570301
0.40008905664038474
0.4002131858309827
0.40033730913049376
0.40185734145097624
0.40870716749838
0.4195205981714419
0.43028883925717876
0.4410118696208012
0.45148162367412675
0.4615092076809666
0.46761197287333106
0.46894020851027357
0.46904825402450545
0.4691562418957625
0.4704744152310615
0.47631649597803255
0.48520983598361334
0.49357306080879215
0.5009683601090723
0.5073374545204152
0.5126803440428209
0.515524911658312
0.5160997885620242
0.5161458309964644
0.5161917396509208
0.5167432635861916
0.5189529716207766
0.5213215439419455
0.5224164905882358
0.5222378115596475
0.5207855068561803
0.5180372008778849
0.5156163599325766
0.5150246370410406
0.5149754462621438
0.5149261216161697
0.5143110305530351
0.5112847894648483
0.5056535798634625
0.49899549729727233
0.49131054176627736
0.4827555220998189
0.47373776877913776
0.4678168553821309
0.466481186103898
0.46637176950585163
0.46626229519138945
0.4649165507913917
0.4587346208176112
0.4485811783844139
0.437998462569267
0.42726202257374685
0.41648020512745754
0.4056530102304092
0.3987943980446004
0.3972724090027209
0.39714812580860054
0.3970238366989034
0.39550081501901213
0.38861545023954996
0.3776871022908671
0.36694316942133215
0.35639728922892794
0.34604946171366757
0.3358996868755637
0.3295940803310395
0.32820773932470493
0.32809473968053937
0.32798176585527616
0.32659993186110825
0.32041340042200633
0.3108492127140923
0.30154097890793885
0.2924886990035514
0.28369237300093547
0.27515200090009695
0.2698925195908818
0.26874284263551323
0.2686491979550436
0.268555584444319
0.2674113485575596
0.2623049208029889
0.2544112369154895
0.2467566511632835
0.23934116354637333
0.23216477406476144
0.22522657083134723
0.2209575821794385
0.22002271251750274
0.21994657174164475
0.2198704573982262
0.21894020184902366
0.21479075119759708
0.20838330205692315
0.20217861193837205
0.196176680841945
0.19037647729511273
0.1847532838362723
0.18128920151640993
0.18053071835302303
0.18046894536866537
0.1804071941214505
0.17965250544807712
0.1762867271305884
0.17109125664088912
0.16606252830273602
0.16120013974494607
0.1564842247700552
0.15190464443345883
0.149083741198549
0.14846611599399212
0.1484158153567573
0.14836553249262616
0.1477510098054514
0.1450104836106737
0.14078062561931032
0.1366870846682055
0.13271538115905673
0.12885553257072074
0.1251075389031965
0.12279901407021078
0.12229358731201007
0.12225242458946131
0.12221127644874673
0.1217083951319719
0.11946581515035698
0.11600474904373598
0.1126458940265409
0.1093792824721252
0.10620498335333245
0.10312299667016298
0.10122486149977226
0.10080930360833137
0.10077546024173577
0.1007416289093414
0.10032817173815539
0.09848446001022652
0.09563298465860953
0.0928581342926004
0.09015987747948366
0.08753821421925956
0.08499314451192742
0.08342587289131326
0.08308277087658003
0.08305482869965544
0.08302689650775853
0.08268539577706661
0.08115938478532884
0.07879419291572902
0.07649281055762581
0.07425523771101943
0.07208147437590925
0.06997145362921067
0.06866930667980783
0.06838368649482889
0.06836041657946179
0.06833715361022308
0.06805274595878111
0.06678201216352202
0.06481259926893013
0.06289646901575933
0.06103362140400919
0.05922405643367987
0.057463102994003534
0.05637431792190246
0.05613549555659889
0.05611603829647295
0.05609658683908873
0.055858777414892494
0.05479623464799275
0.05314944749628679
0.05154717224974357
0.04998940890836324
0.048472944793527865
0.04699361377475838
0.04607882724085637
0.045878156682690734
0.04586180748239599
0.04584546312281968
0.045645637572565186
0.044752742691931274
0.04336866275866261
0.04202171520330987
0.04070971733844174
0.03942865463636871
0.03817845450591305
0.037405090635790866
0.03723541447032935
0.03722159000955848
0.03720776957215015
0.03703879573491642
0.03628362710988004
0.035112594908140234
0.033970969750140766
0.032855005434569026
0.0317645256484083
0.030699530391658656
0.030040317728234203
0.029895641992760486
0.029883853738615775
0.029872068806731544
0.029727973013350766
0.02908378493259173
0.028083217945038576
0.027103776010489737
0.026145161890763814
0.02520737558586089
0.02429041709578076
0.023722262711011712
0.02359751001410261
0.023587344108633595
0.023577180918357962
0.02345290219239513
0.02289643918269081
0.02202866944815558
0.02117764803565859
0.02034337494519989
0.019525850176779304
0.01872507373039693
0.01822770692613227
0.01811822779169209
0.018109302056724442
0.018100378033037025
0.01799119762395262
0.017501595715918878
0.016736761512929205
0.01598505426728179
0.015246473978976464
0.014521020648013302
0.013807724355497604
0.013362548407230826
0.013264450469252974
0.013256450991524301
0.013248452799411978
0.013150579281837644
0.012711217401812719
0.0120233013488318
0.011345247053505382
0.010677054515833544
0.010018053825380471
0.00936607821131413
0.008958017014862624
0.00886798014881888
0.008860636126833861
0.008853292999379175
0.008763412284786502
0.008359396510134155
0.007725022619106091
0.007097510527378217
0.006476411047788971
0.005859622393564662
0.005246878667590696
0.00486213422618305
0.004777111327136128
0.004770174175759802
