452
0.005126168484262089
0.005133373677270771
0.005221681143255122
0.005621275142001817
0.006257622409676365
0.0068981145070412045
0.007543500029625604
0.008195800000471907
0.008855125967924165
0.009274978625371081
0.009368376894192672
0.009376007310742045
0.009383638643227136
0.009477196800077699
0.009901191682994576
0.010578540568477457
0.01126349849132511
0.011958320918712961
0.012663230324738142
0.013378226709400805
0.013834800469802174
0.013936499466624687
0.013944810137271689
0.0139531221228957
0.014055050665393093
0.014517571274643166
0.015258881300227647
0.016013209657217982
0.01678094431133545
0.01756208526258027
0.018356632510952656
0.018865136207851612
0.018978519418078654
0.018987786768828306
0.018997055867273994
0.019110744159689896
0.019627462704892438
0.020459748995602288
0.021309106291845285
0.022175534593621715
0.023059033900931857
0.023959604213775985
0.024537219665189534
0.0246663060490315
0.024676862003660958
0.024687420719142098
0.024816989044155118
0.025406964529380797
0.02635877384056727
0.027331761204008043
0.028325926619703436
0.029341270087653817
0.030378767687806802
0.03104687086701421
0.03119628418557108
0.031208503506669562
0.031220726196145687
0.03137072750712772
0.03205406382927461
0.03315756008618852
0.0342868946301231
0.03544206746107878
0.03662388016122506
0.03783634163832726
0.038617828825025534
0.03879265079058247
0.038806948901483306
0.038821251077295685
0.03899678262397532
0.039796652956793965
0.04108909992432296
0.04241272817910756
0.043768159074314535
0.0451600342790469
0.046589272273770674
0.04751079424224647
0.0477169746180188
0.04773383793785962
0.04775070612845625
0.04795773675554292
0.048901286218338925
0.0504263663460978
0.05198924784612705
0.053595210428416605
0.05524574670078683
0.056940856663238545
0.058033937605207295
0.058278516166676154
0.058298520260056025
0.058318530164232205
0.058564123072825124
0.05968348274572716
0.06149319160410218
0.0633536207259459
0.06526710534516987
0.06723364546177496
0.06925324107576206
0.07055553843656387
0.07084692682087161
0.07087075944967916
0.07089459899500375
0.07118719474381485
0.07252087245014853
0.074683175594655
0.07690860306558883
0.07919715486295108
0.08154883098674269
0.08396363143696474
0.08552066861860862
0.08586935080637145
0.08589787961053427
0.08592641821878773
0.0862768118331239
0.08787665700340128
0.09047219192361629
0.0931429324572446
0.09588887860428737
0.09871003036474559
0.10160747074972008
0.10348123135692537
0.10390121513171374
0.10393557715345408
0.10396995089322641
0.10439198019696767
0.10631873440339837
0.10944407614251572
0.11265930503312066
0.11596442107521429
0.11936013404051878
0.12285933642558436
0.12512398947111747
0.12563155139540821
0.12567307826781754
0.12571461921508523
0.1262246380818387
0.12855294323261726
0.13232909738760337
0.13621321753301627
0.1402056499548545
0.1443213152836521
0.14856743788110305
0.15131520558129058
0.15193101567134534
0.15198139855353845
0.1520317984426388
0.15265057730092943
0.15547525699684492
0.16005602545184974
0.16476732535623395
0.1696258945645242
0.17464279955628842
0.1798180403315247
0.18316671891982872
0.1839171657474764
0.1839785634613244
0.18403998181642925
0.18479403183345391
0.1882360583910005
0.19381745545374687
0.19957510605198314
0.20552411328937337
0.21166447716591122
0.21799619768159043
0.22209196922676608
0.22300971710566198
0.22308480056698454
0.2231599089742885
0.22408201148606802
0.2282905986770349
0.23513180848747012
0.24219727282908907
0.24948697279154622
0.25700090837482525
0.2647390795789106
0.26973967856611103
0.27086132576103517
0.27095313921490205
0.271044983468107
0.2721725751286421
0.27731958891437475
0.28566528614559233
0.2942472401791561
0.3030654510150298
0.3121199186531772
0.3214198766825829
0.3274134075425996
0.32875047715943556
0.32885977284904194
0.3289690907498872
0.33031003761608235
0.336404016528102
0.34619599589901884
0.3561583541343907
0.3662910912341397
0.37660271220260905
0.3869990481014995
0.3935260834538056
0.39496837137354057
0.39508604843256895
0.39520371632475415
0.39664440405738266
0.403129983299237
0.4133459427106694
0.42349158473017734
0.43356694531734014
0.44337029441055403
0.45271631074396435
0.4583809922222811
0.4596113516388513
0.4597113941621093
0.4598113770657239
0.4610313291283417
0.46642638687751425
0.474599264181018
0.48222593220783067
0.4889486748713538
0.4947299233832679
0.499569677743573
0.5021402339370766
0.5026589714572693
0.5027005042461901
0.5027419142983416
0.5032392265812866
0.5052309709556932
0.5073748865056183
0.508365262466004
0.5082020988368505
0.5068853956181577
0.5043976969104974
0.5022145106657934
0.5016800377167998
0.5016355940200181
0.5015910275682227
0.5010351261971483
0.49829679297678403
0.4931911616080585
0.48714389613583275
0.4801549965601061
0.47233599216713484
0.4640343139723379
0.458557721091522
0.45731968140501583
0.4572182215871909
0.45711670209334837
0.45586824521192826
0.45012177365179684
0.44064584713305033
0.4307255535720751
0.4206300841775827
0.4104641624067772
0.4002277882597228
0.39372925161675715
0.3922856858613746
0.39216778291197646
0.39204987077813713
0.3906047017638592
0.38406462942949005
0.3736611747281434
0.36340603660003035
0.3533212736779676
0.3434068859620336
0.3336628734523063
0.32759917430490165
0.32626493579514293
0.3261561655120718
0.32604741743976273
0.3247170560961137
0.3187561775392615
0.30953222995457075
0.3005445494185122
0.2917931359311222
0.283277989492437
0.27499911010249334
0.2698945919511558
0.2687783694858662
0.2686874429660319
0.26859654568112834
0.26748542653838003
0.2625248619257051
0.2548501231515957
0.24739964085929878
0.24017341504883039
0.23317144572020618
0.22639304276368022
0.22221864083464565
0.22130411318004897
0.22122962314494835
0.22115515805832173
0.2202449854717584
0.21618341046195277
0.20990587367972838
0.2038197126585246
0.19792492739834808
0.19222057632770054
0.18668400622927542
0.1832702870452683
0.1825225092374024
0.18246160290967464
0.18240071722475865
0.1816565428777414
0.17833617869600032
0.17320579835373218
0.16823376572427198
0.16341971188528415
0.1587454215196397
0.15420159805224154
0.15140024681557163
0.15078663695213276
0.15073665903011257
0.15068669811625487
0.150076057240189
0.1473516236764411
0.14314247076819675
0.1390637689030973
0.13510225155107716
0.13124870740853978
0.12750313647548336
0.1251941423376394
0.12468840226096925
0.12464721060892275
0.12460603303267574
0.12410275006274972
0.1218574122861951
0.11838881164120534
0.11501931354830688
0.11173964840324611
0.10854987504743335
0.10544999348086798
0.10353931475909342
0.10312084726725432
0.10308676429164274
0.10305269303466773
0.10263627117732126
0.10077858878899598
0.09790347236620832
0.09510360656840354
0.09237895129141693
0.0897295065352479
0.08715527229989485
0.08556887685389779
0.08522146332256152
0.08519316799062802
0.08516488246342493
0.08481905174499661
0.08327335148134464
0.08087641562223058
0.07854260796914427
0.07627192852208499
0.07406437728105136
0.07191989286557972
0.07059579071046033
0.07030529418739447
0.07028162600967659
0.07025796474881386
0.06996867564926744
0.06867585426286778
0.06667127093612014
0.06471974570011368
0.06282127855484713
0.06097586950032002
0.05917903481301406
0.05806763206977724
0.0578238021900581
0.057803936209044005
0.05778407603919416
0.057541260570829506
0.056456138222545145
0.05477363716657753
0.05313571262318235
0.05154236459235911
0.0499904769237914
0.04847595916554728
0.04753907932922255
0.047333526537666315
0.0473167789893304
0.04730003631214664
0.047095333841086835
0.046180483291385986
0.04476181546453075
0.04338051346775232
0.04203443995102002
0.04071962564922593
0.03943599469173863
0.03864169099632038
0.03846739286230866
0.03845319137502129
0.038438993952913635
0.038265405446836175
0.0374894861102872
0.036285845919925265
0.035111952727454813
0.03396407931504238
0.03284204594275913
0.03174585261060486
0.031067127553285463
0.03091814797351818
0.03090600869218591
0.030893872779459847
0.030745481232012564
0.030081990351189945
0.029051143677989947
0.02804177922891623
0.027053594474998815
0.026086589416237524
0.025140764052631853
0.024554567100549294
0.02442583600712612
0.02441534563849978
0.024404858030939305
0.024276608916074093
0.023702310780114113
0.02280655605818653
0.021927873748626994
0.021066263851435396
0.02022172636661132
0.01939426129415462
0.018880210537827832
0.018767050480183414
0.018757824503586124
0.01874860027478186
0.018635745316257394
0.018129626120225267
0.01733885658557808
0.016561494092066
0.01579753863968871
0.015046990228446105
0.014308866090309324
0.013848133996299484
0.013746601719428275
0.013738322082272145
0.01373004376013128
0.013628741035614254
0.013173955963494178
0.012461793143604854
0.011759717595863355
0.011067729320269644
0.010385147184510933
0.009709759532045158
0.009287003088418143
0.009193719342779046
0.009186110411722388
0.009178502396678915
0.009085378552591403
0.00866676468476527
0.008009401474627684
0.007359064855323405
0.006715296656942005
0.006075946707911234
0.0054407419261731154
0.005041869356659715
0.004953721743241591
0.004946529599713567
