452
0.005298581469093468
0.005306031181801716
0.005397336207281734
0.005810510467545455
0.006468538279663064
0.007130918219151758
0.007798435867322352
0.008473219610808961
0.009155387632696858
0.009589845047356854
0.00968649835714511
0.009694394800758163
0.00970229220701392
0.009799113558118603
0.0102379244257883
0.010939034421577142
0.011648141158838124
0.012367627542336824
0.013097730215776116
0.01383844917915599
0.014311534249058922
0.014416919911750386
0.014425531991858363
0.01443414545594639
0.014539772709656007
0.015019116687590572
0.01578753011371149
0.01656966600390897
0.01736593876575742
0.01817634839925686
0.019000894904407296
0.019528713427951268
0.01964641528416338
0.019656035808410622
0.019665658175594382
0.019783681739411946
0.02032016274044947
0.021184535878344193
0.022066953058507244
0.02296741428093864
0.023885919545638398
0.02482246885260654
0.025423316019760552
0.025557615460560783
0.025568598067186126
0.025579583600146307
0.025714393869268833
0.026328338419636117
0.02731915069208199
0.028332410411543763
0.029368117578021484
0.03042627219151516
0.03150791928199565
0.03220471998685604
0.032360579473044875
0.032373326423773365
0.03238607695599108
0.03254256163589329
0.033255559258933705
0.034407373114209334
0.035586660001310146
0.03679341992023617
0.03802851574770592
0.0392962954431125
0.04011377823571032
0.040296687495969
0.040311647593924006
0.04032661202844819
0.040510278291059756
0.0413473727734578
0.04270048338102145
0.04408685911791643
0.04550717311875227
0.04696647514001987
0.04846576713310521
0.04943286723589057
0.04964928724089733
0.04966698871783148
0.049684695408010925
0.0499020254501456
0.0508927019206824
0.05249457523062881
0.05413691765661881
0.055825476636816675
0.057561874288355894
0.059346110611236555
0.06049713855495704
0.060754731494483336
0.06077580080590659
0.060796876353761554
0.061055557940393454
0.062234789507597914
0.0641420317145788
0.06610379146941478
0.06812257614729565
0.0701983857482215
0.07233122027219237
0.07370704970737536
0.07401494337065788
0.07404012679741294
0.07406531765815447
0.07437450901670487
0.07578408424072448
0.07807033807427455
0.08042436650541859
0.08284616953415667
0.08533574716048883
0.08789309938441511
0.08954256254116387
0.08991200215374914
0.08994222984514258
0.0899724680053168
0.09034373507443538
0.09203903592346095
0.09478993372988166
0.09762113588106203
0.10053264237700217
0.10352445321770211
0.10659780509642781
0.1085852768116161
0.10903071635041356
0.10906716060223397
0.10910361720733595
0.10955121316583752
0.11159455133131509
0.1149085394606866
0.11831728763945126
0.12182079586760908
0.12541995398416353
0.1291265791875626
0.13152378882666313
0.13206088758535378
0.13210482832803255
0.13214878355313422
0.13268841039975446
0.13515111531251636
0.13914271195389086
0.14324540094738425
0.14745977509452696
0.1517980887772051
0.1562651917662896
0.15915160629216285
0.15979804396142733
0.15985092561361544
0.15990382405526896
0.16055319253556402
0.16351553569834937
0.16831300592822476
0.17323965822343904
0.1783072342992524
0.1835211459656006
0.18888139322248373
0.19234068786867908
0.19311499476941066
0.19317832988023687
0.193241684067929
0.19401932107404635
0.19756488889175783
0.20330078725085113
0.20919338345808725
0.21524608301635698
0.22145888592566007
0.2278317921859959
0.23193747137402757
0.232855728807402
0.23293082687278518
0.23300594580985193
0.23392784665649047
0.2381279158955919
0.24491929583546518
0.2518728467367967
0.25898851329956907
0.26626629552378106
0.27370619340943175
0.2784865043533987
0.279555802097542
0.27964325769295556
0.2797307309762963
0.2808037141830705
0.28567976472999573
0.2935142150427701
0.3014843466206415
0.3095901594636075
0.31783165357166576
0.32621387225230775
0.3315618274522625
0.33274928797886705
0.3328462653030796
0.3329432489323518
0.3341318100859346
0.33950827927240407
0.3480641851984274
0.3566684562300904
0.36532109236738763
0.37402655268380824
0.38269623606013614
0.3880939629036261
0.38928193724449905
0.3893787881509888
0.38947561994944424
0.39066025874414967
0.39597157146158757
0.40426526499336907
0.41241238384909745
0.42041239851497675
0.4281130466458016
0.4353959405847858
0.4397785455800794
0.44072699240279
0.44080405583551635
0.44088106480821254
0.44182000495193224
0.4459563200398107
0.45216760094244524
0.4579012841217468
0.4629354826764113
0.46724967659694844
0.47084386588335814
0.4727421426908905
0.47312388017089135
0.4731544205747586
0.4731848671160753
0.4735502197145776
0.47500963529419515
0.4765870544646782
0.4773163303199353
0.4771974628599664
0.47623045208477094
0.47440469730605056
0.4728037587906122
0.4724102123351397
0.47237746386253954
0.472344621468228
0.47193467980403103
0.469908989969804
0.46611260522430764
0.4615957620330039
0.45635846039589323
0.45046532472187856
0.4441362099373176
0.4399253203775563
0.4389698386513527
0.438891479034215
0.438813064910077
0.437848068305652
0.433390676420703
0.4259890243651889
0.4181757912635659
0.41013339626550444
0.40194430419739147
0.39360851505923605
0.3882705642137208
0.38708001707773076
0.3869827028599943
0.3868853695182679
0.3856914840508353
0.38026704692104124
0.3715635192790295
0.36287572147313935
0.3542362575646858
0.345645127553683
0.3371023314401449
0.3317341224546211
0.33054738968509195
0.3304505552847076
0.3303537271853145
0.329168094332571
0.32383003759309215
0.3154908521771144
0.3072873543288626
0.2992195440483433
0.2912874213355633
0.28349098619052915
0.27863925546367796
0.2775741082591128
0.2774872974947298
0.2774005078666225
0.2763390502631814
0.27158751606668735
0.2641932153810027
0.2569610476901736
0.249891012994203
0.24298311129309363
0.23623926638356438
0.23206767518648075
0.23115208466563797
0.23107748087238897
0.23100289795311507
0.2300909512455505
0.22601376046271382
0.2196859948606424
0.2135183501875107
0.20751082644332014
0.20166365921059856
0.1959693132398945
0.19244981152849527
0.1916779502909224
0.19161506760672387
0.19155220400123035
0.19078367319007847
0.18735045296726746
0.18203151973246243
0.1768589361955178
0.17183266639769448
0.16694275440257197
0.16218164455732512
0.1592422624467687
0.15859798173475487
0.15854549863221679
0.1584930323208183
0.1578516827121091
0.15498823681042223
0.15055752715172452
0.14625561649525265
0.14207320097076181
0.13800188879998965
0.13404167998293542
0.1315987959791523
0.13106356109528913
0.1310199644072611
0.1309763822030901
0.13044367565751586
0.12806629341346382
0.12439108425542429
0.12081957642943346
0.11734284400652681
0.11396088188210826
0.11067369005617812
0.10864727376890128
0.1082034274454233
0.10816727694182808
0.1081311387928505
0.10768944912231153
0.1057189053277499
0.1026693796516028
0.09970027156332556
0.09681147506022733
0.09400299014230842
0.09127481680956821
0.0895938657290422
0.08922577827567761
0.08919579968222639
0.0891658315584998
0.08879945488575941
0.08716218591173627
0.08462399687953134
0.08215358739165875
0.07975095744811879
0.07741610704891082
0.07514897585073932
0.07374970230407539
0.0734427655325477
0.0734177587232221
0.07339275934841073
0.0730871203642606
0.07172146864635146
0.06960475917340349
0.06754507867109841
0.06554242713943582
0.06359680457841586
0.06170338533154161
0.06053269012385304
0.06027589999397958
0.0602549788540576
0.0602340639510654
0.059978362555240354
0.05883587322346625
0.057065165384050036
0.05534230003652268
0.05366727718088433
0.05203670862308609
0.05044613819659749
0.04946259889007094
0.04924685027259575
0.04922927268101382
0.04921170030308574
0.048996861794063186
0.04803690070309813
0.04654891963333403
0.045100931669622424
0.043690607020307234
0.04231363110319649
0.04096992273151921
0.04013876515784503
0.039956414361755864
0.03994155731434061
0.03992670460380949
0.03974511086505558
0.038933566405611436
0.037675195143818695
0.03644852762334093
0.03524952687595044
0.034078001185061546
0.03293395055067437
0.032225854918864955
0.03207045639594814
0.03205779453135542
0.032045136248515856
0.031890362965387234
0.031198465445420067
0.03012387566015725
0.029072057249070336
0.0280426885595109
0.02703576959147901
0.026051300344974455
0.025441361340414456
0.025307438632139485
0.025296525555090446
0.025285615404672758
0.0251522035764803
0.024554865194903346
0.02362340739789396
0.022709995003676074
0.021814628012249808
0.020937306423614962
0.020078030237771636
0.019544363581193457
0.01942689705276106
0.019417320158547465
0.01940774510737511
0.019290600304829625
0.018765296297298673
0.017944733501400384
0.01713830838049986
0.01634602093459694
0.015567871163691724
0.014802812278463388
0.014325351117896562
0.014220141035195812
0.01421156162633805
0.014202983601528866
0.014098015121809566
0.013626813179208304
0.01288907756367861
0.012161958763795992
0.011445456779560534
0.010738849202923045
0.010039801875026342
0.00960229339614054
0.00950576061532903
0.009497886766199694
0.009490013879768574
0.009393649149964487
0.008960494375153331
0.008280390113546655
0.007607670556194775
0.006941851756467179
0.006280671269473153
0.005623843205498589
0.005211426502697677
0.005120289331816298
0.005112853321779604
