%% Coordinates
5.662088394808169	81.86017873391249
9.239769260156669	85.30389744021758
10.995119153070227	85.27040690045672
12.783959585744647	86.99226625360943
14.539309478658208	86.95877571384857
16.328149911332293	88.68063506700126
18.08349980424585	88.64714452724041
19.87234023692027	90.36900388039311
23.38304002274739	90.30202280087138
25.171880455421476	92.0238821540241
26.927230348335037	91.99039161426323
28.71607078100945	93.71225096741561
32.226770566836564	93.6452698878939
34.015610999510656	95.3671292410466
35.77096089242422	95.33363870128574
37.55980132509864	97.05549805443844
39.315151218012204	97.02200751467758
41.103991650686616	98.74386686783028
42.85934154359984	98.71037632806943
44.648181976274266	100.43223568122212
46.40353186918782	100.39874514146126
48.192372301862235	102.12060449461363
49.9477221947758	102.08711395485277
51.73656262744988	103.80897330800548
55.247262413277	103.74199222848375
57.03610284595142	105.46385158163646
58.79145273886498	105.4303610418756
60.58029317153907	107.15222039502831
63.213318010909575	107.10198458538702
65.00215844358367	108.82384393853971
66.75750833649722	108.79035339877885
68.54634876917163	110.51221275193123
70.30169866208519	110.47872221217037
72.09053909475962	112.20058156532308
73.84588898767285	112.16709102556223
89.94545288174227	127.66382520393586
89.97894342150312	129.41917509684941
91.76778385417722	131.14103445000214
91.80127439393809	132.89638434291567
93.5901148266125	134.61824369606836
93.69058644589508	139.88429337480875
95.4794268785695	141.60615272796144
95.54640795809121	145.11685251378825
97.33524839076563	146.83871186694094
97.36873893052648	148.59406175985453
99.1575793632009	150.3159211130072
99.2245604427226	153.826620898834
101.01340087539671	155.5484802519867
101.04689141515757	157.30383014490027
102.835731847832	159.02568949805294
102.86922238759286	160.78103939096653
104.65806282026726	162.50289874411885
104.69155336002812	164.25824863703244
106.48039379270254	165.98010799018516
106.51388433246339	167.7354578830987
108.30272476513781	169.4573172362514
108.33621530489867	171.2126671291646
111.91389617024717	174.65638583547005
111.94738671000803	176.4117357283836
113.73622714268245	178.1335950815363
113.7697176824433	179.88894497444952
115.55855811511772	181.61080432760224
115.608793924759	184.2438291669724
117.39763435743342	185.9656885201251
117.83301137432458	208.78523712800072
119.62185180699866	210.5070964811531
119.68883288652039	214.0177962669802
121.47767331919482	215.73965562013288
121.51116385895567	217.49500551304646
125.0888447243045	220.93872421935154
125.12233526406536	222.6940741122651
126.91117569673978	224.4159334654178
126.9781567762615	227.9266332512446
128.76699720893558	229.6484926043973
129.82194921140263	284.94201423117227
128.10008985825024	286.7308546638467
128.20056147753283	291.9969043425873
126.4787021243801	293.7857447752614
126.54568320390183	297.2964445610885
124.82382385074914	299.08528499376297
124.92429547003172	304.35133467250336
123.202436116879	306.14017510517766
123.23592665663986	307.8955249980912
121.51406730348717	309.6843654307657
121.58104838300888	313.19506521659247
119.85918902985651	314.9839056492669
119.89267956961736	316.7392555421805
116.44896086331197	320.316936407529
116.48245140307282	322.0722863004425
113.03873269676741	325.64996716579134
113.07222323652827	327.4053170587049
111.3503638833759	329.19415749137903
111.41734496289763	332.70485727720614
109.69548560974494	334.4936977098806
109.7959572290275	339.7597473886209
108.0740978758748	341.5485878212953
108.10758841563566	343.30393771420887
106.38572906248297	345.0927781468833
106.41921960224381	346.84812803979656
97.80992283648064	355.7923302031682
96.05457294356708	355.82582074292907
92.61085423726199	359.40350160827796
90.85550434434843	359.4369921480388
87.41178563804304	363.01467301338766
87.44527617780389	364.77002290630094
85.72341682465154	366.55886333897536
85.79039790417326	370.0695631248025
84.06853855102055	371.85840355747683
84.1020290907814	373.61375345039005
82.3801697376287	375.40259388306447
82.41366027738957	377.1579437759781
80.69180092423687	378.94678420865245
80.72529146399772	380.702134101566
79.00343211084503	382.49097453424014
79.02017738072546	383.368649480697
68.6890212618099	394.1016920767433
67.81134631535295	394.1184373466237
62.64576825589518	399.48495864464655
60.89041836298162	399.5184491844074
48.83740289091304	412.040332213128
43.571353212172696	412.14080383241054
40.127634505867285	415.7184846977591
38.372284612954054	415.75197523751996
34.92856590664866	419.3296561028688
33.1732160137351	419.36314664262966
31.451356660582398	421.1519870753041
29.696006767669175	421.18547761506494
27.974147414516466	422.9743180477391
26.2187975216029	423.00780858749994
24.4969381684502	424.79664902017436
19.230888489709855	424.8971206394569
17.50902913655716	426.6859610721313
13.998329350730039	426.75294215165303
12.27646999757767	428.5417825843274
5.255070425923428	428.67574474337084
3.5332110727710617	430.46458517604526
-1.7328386059696186	430.56505679532785
-3.454697959122325	432.3538972280019
-5.210047852035553	432.38738776776273
-6.931907205188253	434.1762282004372
-8.687257098101814	434.20971874019807
-10.409116451254512	435.9985591728725
-13.919816237081303	436.0655402523942
-15.641675590234001	437.85438068506863
-17.397025483147562	437.8878712248295
-19.11888483630026	439.6767116575039
-20.874234729213818	439.7102021972648
-22.596094082366196	441.4990426299389
-26.106793868193318	441.56602370946064
-27.828653221346016	443.35486414213506
-31.339353007172797	443.4218452216567
-33.061212360325506	445.21068565433114
-36.57191214615262	445.27766673385287
-38.29377149930532	447.06650716652723
-43.55982117804567	447.1669787858098
-45.28168053119837	448.95581921848424
-57.56912978159263	449.1902529968102
-59.29098913474533	450.9790934294843
-64.55703881348602	451.0795650487669
-66.27889816663837	452.8684054814413
-91.73147161388415	453.3540183079737
-93.52031204655857	451.632158954821
-104.0524114040396	451.8331021933862
-105.84125183671368	450.11124284023384
-125.15010065876217	450.47963877760327
-126.93894109143659	448.7577794244506
-132.20499077017692	448.85825104373316
-133.99383120285137	447.1363916905805
-138.38220593513512	447.22011803998265
-140.1710463678095	445.49825868682996
-143.68174615363665	445.5652397663517
-145.47058658631073	443.843380413199
-148.98128637213784	443.9103614927207
-150.77012680481224	442.1885021395683
-154.28082659063904	442.25548321908997
-156.06966702331343	440.5336238659373
-161.33571670205416	440.63409548521986
-163.12455713472824	438.91223613206716
-164.87990702764176	438.945726671828
-166.6687474603162	437.22386731867533
-168.42409735322977	437.2573578584362
-170.21293778590422	435.53549850528344
-171.96828767881743	435.5689890450443
-173.75712811149182	433.84712969189195
-177.26782789731897	433.9141107714137
-179.0566683299934	432.192251418261
-180.81201822290657	432.2257419580218
-186.17853952092986	427.06016389856376
-187.9338894138434	427.0936544383246
-189.72272984651747	425.3717950851722
-191.47807973943105	425.4052856249331
-193.26692017210547	423.6834262717804
-195.02227006501906	423.71691681154124
-200.38879136304197	418.5513387520831
-202.14414125595553	418.58482929184396
-205.72182212130434	415.14111058553897
-207.47717201421756	415.17460112529983
-211.05485287956643	411.7308824189944
-212.81020277247995	411.76437295875525
-223.54324536852613	401.4332168398393
-223.576735908287	399.6778669469262
-227.15441677363555	396.23414824062075
-228.9097666665491	396.26763878038156
-231.59302731556053	393.6848497506527
-232.47070226201745	393.7015950205331
-234.25954269469156	391.97973566738045
-236.01489258760515	392.0132262071413
-237.8037330202795	390.2913668539886
-239.5590829131931	390.3248573937495
-243.13676377854162	386.8811386874444
-244.8921136714552	386.91462922720524
-252.04747540215251	380.0271918145944
-252.08096594191338	378.2718419216812
-257.44748723993666	373.1062638622231
-257.4809777796975	371.35091396930954
-261.05865864504597	367.90719526300444
-261.1256397245677	364.39649547717727
-268.28100145526537	357.5090580645669
-268.3144919950263	355.75370817165333
-275.4698537257236	348.86627075904283
-275.50334426548443	347.1109208661293
-280.86986556350735	341.94534280667153
-280.90335610326827	340.1899929137579
-282.6921965359427	338.4681335606052
-282.7256870757035	336.71278366769167
-284.5145275083779	334.99092431453926
-284.58150858789963	331.48022452871214
-286.37034902057405	329.75836517555945
-286.4373301000958	326.24766538973273
-288.22617053276986	324.52580603658004
-288.2931516122916	321.01510625075286
-290.081992044966	319.29324689760017
-290.1489731244877	315.78254711177334
-291.93781355716214	314.06068775862065
-292.0382851764448	308.7946380798804
-293.8271256091191	307.0727787267277
-293.8941066886408	303.5620789409005
-295.68294712131535	301.8402195877478
-295.74992820083696	298.329519801921
-297.53876863351104	296.6076604487684
-297.60574971303276	293.0969606629412
-299.3945901457072	291.3751013097889
-299.4615712252289	287.86440152396176
-301.2504116579033	286.142542170809
-301.4848454362293	273.8550929204148
-303.2736858689037	272.1332335672621
-303.92675139424045	237.90391065544884
-302.20489204108776	236.11507022277442
-302.2718731206095	232.60437043694762
-300.5500137674568	230.8155300042732
-300.5835043072177	229.06018011135964
-298.861644954065	227.27133967868525
-298.92862603358674	223.76063989285845
-297.2067666804344	221.97179946018406
-297.2402572201952	220.21644956727047
-295.5183978670425	218.42760913459608
-295.5853789465642	214.91690934876925
-293.8635195934115	213.12806891609486
-293.89701013317233	211.37271902318128
-292.17515078001964	209.58387859050688
-292.24213185954136	206.07317880468008
-290.52027250638866	204.28433837200566
-290.55376304614947	202.52898847909208
-287.1100443398444	198.9513076137436
-287.14353487960534	197.19595772083008
-280.2560974669948	190.0405959901327
-280.2728427368753	189.16292104367577
-276.8291240305699	185.58524017832724
-276.8626145703307	183.82989028541368
-269.9751771577203	176.67452855471637
-270.0086676974811	174.9191786618028
-266.5649489911757	171.34149779645395
-266.5984395309365	169.58614790354036
-264.8765801777838	167.79730747086631
-264.9100707175447	166.04195757795273
-263.1882113643924	164.25311714527837
-263.2217019041532	162.49776725236478
-261.4998425510005	160.70892681969036
-261.5333330907614	158.95357692677715
-244.31473955923497	141.06517260003358
-242.55938966632138	141.03168206027271
-240.83753031316874	139.2428416275983
-237.3268305273419	139.1758605480766
-235.60497117418922	137.3870201154022
-230.33892149544855	137.28654849611962
-228.61706214229616	135.49770806344517
-219.84031267772872	135.3302553646409
-218.118453324576	133.54141493196647
-207.586353967095	133.34047169340133
-205.86449461394227	131.55163126072725
-200.59844493520194	131.4511596414447
-198.87658558204922	129.66231920877027
-195.36588579622207	129.59533812924855
-193.64402644306972	127.80649769657413
-190.1333266572426	127.7395166170524
-188.4114673040899	125.950676184378
-186.65611741117633	125.91718564461713
-184.93425805802403	124.12834521194272
-181.42355827219689	124.06136413242099
-179.70169891904416	122.27252369974691
-177.94634902613063	122.23903315998605
-176.22448967297828	120.45019272731163
-172.71378988715114	120.38321164778992
-170.99193053399839	118.5943712151155
-163.9705309623445	118.46040905607207
-162.24867160919177	116.67156862339765
-155.2272720375379	116.53760646435423
-153.50541268438522	114.74876603167979
-148.23936300564483	114.64829441239722
-146.51750365249214	112.85945397972313
-142.12912892020842	112.77572763032099
-140.40726956705572	110.98688719764657
-138.65191967414214	110.9533966578857
-136.93006032098975	109.1645562252113
-133.41936053516267	109.09757514568958
-131.69750118200994	107.30873471301516
-128.18680139618317	107.24175363349345
-126.46494204303048	105.45291320081903
-122.95424225720335	105.38593212129732
-121.23238290405065	103.59709168862322
-117.72168311822388	103.53011060910151
-115.99982376507117	101.7412701764271
-112.48912397924404	101.67428909690537
-110.76726462609167	99.88544866423096
-109.01191473317812	99.8519581244701
-107.29005538002542	98.06311769179568
-105.53470548711186	98.02962715203483
-103.81284613395916	96.24078671936041
-102.05749624104592	96.20729617959955
-100.33563688789322	94.41845574692546
-98.58028699497966	94.3849652071646
-96.85842764182696	92.59612477449018
-95.1030777489134	92.56263423472932
-93.38121839576104	90.77379380205491
-91.62586850284748	90.74030326229405
-89.90400914969479	88.95146282961963
-84.63795947095443	88.85099121033706
-82.91610011780172	87.06215077766264
-75.89470054614782	86.92818861861922
-74.17284119299511	85.13934818594512
-72.41749130008155	85.10585764618426
-70.69563194692886	83.31701721350983
-68.94028205401528	83.28352667374897
-67.21842270086293	81.49468624107456
-65.46307280794937	81.4611957013137
-63.74121345479667	79.67235526863928
-61.98586356188311	79.63886472887843
-60.26400420873041	77.85002429620403
-54.99795452999007	77.74955267692145
-53.27609517683736	75.96071224424736
-48.010045498097014	75.86024062496479
-46.28818614494431	74.07140019229035
-41.02213646620397	73.97092857300778
-39.300277113051266	72.18208814033336
-15.603053558719036	71.72996585356178
-13.814213126044617	73.45182520671447
-10.30351334021783	73.38484412719276
-8.51467290754341	75.10670348034547
-6.759323014629851	75.07321294058463
-4.970482581955437	76.795072293737
-3.2151326890418774	76.76158175397613
-1.4262922563677916	78.48344110712883
0.3290576365457687	78.44995056736796
3.9067385018946066	81.89366927367335
5.662088394808169	81.86017873391249
