%% Coordinates
-36.234221325535636	69.23482633183758
-36.234221325535636	70.11266100630742
-37.11205600000514	70.99049568077693
-43.2568987212927	70.99049568077693
-43.2568987212927	71.86833035524644
-44.13473339576221	72.74616502971628
-50.279576117049764	72.74616502971628
-50.279576117049764	73.62399970418579
-51.15741079151961	74.50183437865563
-57.302253512806836	74.50183437865563
-57.302253512806836	75.37966905312514
-58.180088187276674	76.25750372759465
-60.813592210685535	76.25750372759465
-60.813592210685535	77.13533840206449
-61.69142688515504	78.013173076534
-64.32493090856423	78.013173076534
-64.32493090856423	78.89100775100384
-65.20276558303374	79.76884242547335
-67.8362696064426	79.76884242547335
-67.8362696064426	80.64667709994286
-68.71410428091244	81.5245117744127
-71.3476083043213	81.5245117744127
-71.3476083043213	82.40234644888221
-72.2254429787908	83.28018112335205
-80.1259550490177	83.28018112335205
-80.1259550490177	84.15801579782156
-81.00378972348722	85.03585047229107
-87.14863244477478	85.03585047229107
-87.14863244477478	85.91368514676091
-88.02646711924429	86.79151982123042
-90.65997114265348	86.79151982123042
-90.65997114265348	87.66935449570026
-91.53780581712299	88.54718917016977
-94.17130984053183	88.54718917016977
-94.17130984053183	89.42502384463927
-95.04914451500169	90.30285851910912
-97.68264853841055	90.30285851910912
-97.68264853841055	91.18069319357862
-98.56048321288004	92.05852786804847
-101.1939872362889	92.05852786804847
-101.1939872362889	92.93636254251797
-102.07182191075874	93.81419721698748
-104.7053259341676	93.81419721698748
-104.7053259341676	94.69203189145732
-105.58316060863712	95.56986656592683
-108.2166646320463	95.56986656592683
-108.2166646320463	96.44770124039667
-109.09449930651581	97.32553591486618
-113.48367267886402	97.32553591486618
-113.48367267886402	98.20337058933569
-114.36150735333354	99.08120526380553
-118.75068072568173	99.08120526380553
-118.75068072568173	99.95903993827504
-119.62851540015158	100.83687461274488
-124.01768877249978	100.83687461274488
-124.01768877249978	101.71470928721439
-124.89552344696929	102.5925439616839
-129.2846968193175	102.5925439616839
-129.2846968193175	103.47037863615374
-130.16253149378736	104.34821331062325
-134.55170486613557	104.34821331062325
-134.55170486613557	105.22604798509309
-135.42953954060505	106.1038826595626
-138.06304356401392	106.1038826595626
-138.06304356401392	106.98171733403211
-138.94087823848375	107.85955200850195
-144.20788628530147	107.85955200850195
-144.20788628530147	108.73738668297146
-145.08572095977098	109.6152213574413
-151.23056368105856	109.6152213574413
-151.23056368105856	110.49305603191081
-152.10839835552838	111.37089070638032
-160.00891042575495	111.37089070638032
-160.00891042575495	112.24872538085016
-160.8867451002248	113.12656005531967
-168.78725717045137	113.12656005531967
-168.78725717045137	114.00439472978951
-169.66509184492122	114.88222940425902
-174.05426521726943	114.88222940425902
-174.05426521726943	115.76006407872852
-174.93209989173894	116.63789875319837
-177.5656039151478	116.63789875319837
-177.5656039151478	117.51573342766787
-178.44343858961764	118.39356810213772
-182.83261196196585	118.39356810213772
-182.83261196196585	119.27140277660722
-183.71044663643536	120.14923745107673
-186.3439506598442	120.14923745107673
-186.3439506598442	121.02707212554657
-187.22178533431406	121.90490680001608
-191.61095870666225	121.90490680001608
-191.61095870666225	122.78274147448592
-192.48879338113176	123.66057614895543
-196.87796675347997	123.66057614895543
-196.87796675347997	124.53841082342494
-197.75580142794948	125.41624549789478
-203.90064414923705	125.41624549789478
-203.90064414923705	126.29408017236429
-204.77847882370688	127.17191484683413
-216.19032959181214	127.17191484683413
-216.19032959181214	128.04974952130365
-217.06816426628166	128.92758419577316
-226.72434568544793	128.92758419577316
-226.72434568544793	129.80541887024302
-227.60218035991744	130.6832535447125
-233.747023081205	130.6832535447125
-233.747023081205	131.56108821918235
-234.6248577556745	132.43892289365186
-239.0140311280227	132.43892289365186
-239.0140311280227	133.31675756812137
-239.89186580249256	134.1945922425912
-242.5253698259014	134.1945922425912
-242.5253698259014	135.0724269170607
-243.40320450037092	135.95026159153056
-244.28103917484074	135.95026159153056
-244.28103917484074	136.82809626600007
-245.15887384931025	137.70593094046959
-246.03670852377977	137.70593094046959
-246.03670852377977	138.5837656149394
-246.91454319824962	139.46160028940892
-247.79237787271913	139.46160028940892
-247.79237787271913	140.33943496387877
-248.67021254718895	141.21726963834828
-249.54804722165846	141.21726963834828
-249.54804722165846	142.0951043128178
-250.42588189612798	142.97293898728762
-251.30371657059783	142.97293898728762
-251.30371657059783	143.85077366175713
-252.18155124506734	144.72860833622698
-253.05938591953716	144.72860833622698
-253.05938591953716	147.36211235963583
-253.93722059400667	148.23994703410534
-254.8150552684762	148.23994703410534
-254.8150552684762	150.8734510575142
-255.69288994294604	151.75128573198404
-256.5707246174156	151.75128573198404
-256.5707246174156	154.38478975539292
-257.44855929188543	155.2626244298624
-258.32639396635494	155.2626244298624
-258.32639396635494	157.89612845327161
-259.2042286408244	158.7739631277411
-260.08206331529425	158.7739631277411
-260.08206331529425	159.6517978022106
-260.95989798976376	160.52963247668046
-261.8377326642336	160.52963247668046
-261.8377326642336	163.1631365000893
-262.7155673387031	164.04097117455882
-263.59340201317264	164.04097117455882
-263.59340201317264	164.91880584902867
-264.4712366876425	165.79664052349818
-265.349071362112	165.79664052349818
-265.349071362112	166.674475197968
-266.2269060365818	167.55230987243752
-267.1047407110513	167.55230987243752
-267.1047407110513	168.43014454690703
-267.9825753855208	169.30797922137688
-268.86041005999067	169.30797922137688
-268.86041005999067	171.94148324478573
-269.7382447344602	172.81931791925524
-270.61607940893003	172.81931791925524
-270.61607940893003	173.6971525937251
-271.49391408339955	174.5749872681946
-272.37174875786906	174.5749872681946
-272.37174875786906	176.33065661713394
-273.2495834323389	177.20849129160345
-274.1274181068084	177.20849129160345
-274.1274181068084	178.0863259660733
-275.0052527812782	178.9641606405428
-275.8830874557477	178.9641606405428
-275.8830874557477	179.84199531501264
-276.76092213021724	180.71982998948215
-277.6387568046871	180.71982998948215
-277.6387568046871	181.59766466395166
-278.5165914791566	182.47549933842149
-279.39442615362645	182.47549933842149
-279.39442615362645	185.10900336183036
-280.27226082809597	185.98683803629987
-281.1500955025655	185.98683803629987
-281.1500955025655	186.8646727107697
-282.02793017703533	187.7425073852392
-282.90576485150484	187.7425073852392
-282.90576485150484	190.37601140864808
-283.78359952597464	191.2538460831179
-284.66143420044415	191.2538460831179
-284.66143420044415	195.64301945546612
-285.53926887491366	196.52085412993563
-286.4171035493835	196.52085412993563
-286.4171035493835	199.1543581533445
-287.294938223853	200.03219282781433
-288.1727728983229	200.03219282781433
-288.1727728983229	204.42136620016254
-289.0506075727924	205.29920087463205
-289.9284422472619	205.29920087463205
-289.9284422472619	207.9327048980409
-290.8062769217317	208.81053957251075
-291.6841115962012	208.81053957251075
-291.6841115962012	213.19971294485896
-292.56194627067106	214.07754761932847
-293.43978094514057	214.07754761932847
-293.43978094514057	216.71105164273732
-294.3176156196101	217.58888631720717
-295.19545029407993	217.58888631720717
-295.19545029407993	221.97805968955538
-296.07328496854944	222.8558943640249
-296.9511196430193	222.8558943640249
-296.9511196430193	248.31309992364461
-296.07328496854944	248.31309992364461
-295.19545029407993	249.19093459811413
-295.19545029407993	262.3584547151587
-294.3176156196101	262.3584547151587
-293.43978094514057	263.23628938962855
-293.43978094514057	267.6254627619768
-292.56194627067106	267.6254627619768
-291.6841115962012	268.5032974364463
-291.6841115962012	272.8924708087945
-290.8062769217317	272.8924708087945
-289.9284422472619	273.770305483264
-289.9284422472619	278.15947885561224
-289.0506075727924	278.15947885561224
-288.1727728983229	279.03731353008203
-288.1727728983229	283.42648690243027
-287.294938223853	283.42648690243027
-286.4171035493835	284.3043215768998
-286.4171035493835	290.4491642981873
-285.53926887491366	290.4491642981873
-284.66143420044415	291.32699897265684
-284.66143420044415	295.716172345005
-283.78359952597464	295.716172345005
-282.90576485150484	296.5940070194749
-282.90576485150484	300.9831803918231
-282.02793017703533	300.9831803918231
-281.1500955025655	301.8610150662926
-281.1500955025655	306.2501884386408
-280.27226082809597	306.2501884386408
-279.39442615362645	307.12802311311066
-279.39442615362645	311.51719648545884
-278.5165914791566	311.51719648545884
-277.6387568046871	312.39503115992835
-277.6387568046871	315.0285351833372
-276.76092213021724	315.0285351833372
-275.8830874557477	315.9063698578071
-275.8830874557477	318.5398738812159
-275.0052527812782	318.5398738812159
-274.1274181068084	319.4177085556854
-274.1274181068084	320.29554323015526
-273.2495834323389	320.29554323015526
-272.37174875786906	321.1733779046248
-272.37174875786906	322.0512125790943
-271.49391408339955	322.0512125790943
-270.61607940893003	322.92904725356414
-270.61607940893003	325.562551276973
-269.7382447344602	325.562551276973
-268.86041005999067	326.4403859514425
-268.86041005999067	327.3182206259123
-267.9825753855208	327.3182206259123
-267.1047407110513	328.19605530038183
-267.1047407110513	329.0738899748517
-266.2269060365818	329.0738899748517
-265.349071362112	329.9517246493212
-265.349071362112	330.8295593237907
-264.4712366876425	330.8295593237907
-263.59340201317264	331.70739399826056
-263.59340201317264	334.3408980216694
-262.7155673387031	334.3408980216694
-261.8377326642336	335.2187326961389
-261.8377326642336	336.09656737060874
-260.95989798976376	336.09656737060874
-260.08206331529425	336.97440204507825
-260.08206331529425	337.8522367195481
-259.2042286408244	337.8522367195481
-258.32639396635494	338.7300713940176
-258.32639396635494	339.6079060684871
-257.44855929188543	339.6079060684871
-256.5707246174156	340.485740742957
-256.5707246174156	344.87491411530516
-255.69288994294604	344.87491411530516
-254.8150552684762	345.75274878977467
-254.8150552684762	346.6305834642445
-253.93722059400667	346.6305834642445
-253.05938591953716	347.50841813871403
-253.05938591953716	350.1419221621229
-252.18155124506734	350.1419221621229
-251.30371657059783	351.0197568365927
-251.30371657059783	351.8975915110622
-250.42588189612798	351.8975915110622
-249.54804722165846	352.7754261855317
-249.54804722165846	353.6532608600016
-248.67021254718895	353.6532608600016
-247.79237787271913	354.5310955344711
-247.79237787271913	357.16459955787997
-245.15887384931025	357.16459955787997
-244.28103917484074	358.0424342323498
-244.28103917484074	358.9202689068193
-243.40320450037092	358.9202689068193
-242.5253698259014	359.7981035812891
-242.5253698259014	360.67593825575864
-239.89186580249256	360.67593825575864
-239.0140311280227	361.55377293022815
-239.0140311280227	362.431607604698
-236.38052710461386	362.431607604698
-235.50269243014435	363.3094422791675
-235.50269243014435	364.18727695363737
-232.86918840673513	364.18727695363737
-231.99135373226565	365.0651116281069
-231.99135373226565	366.8207809770462
-229.35784970885678	366.8207809770462
-228.48001503438695	367.6986156515157
-228.48001503438695	368.57645032598555
-227.60218035991744	368.57645032598555
-226.72434568544793	369.45428500045506
-226.72434568544793	370.33211967492457
-225.84651101097808	370.33211967492457
-224.96867633650857	371.2099543493944
-224.96867633650857	372.08778902386393
-224.09084166203874	372.08778902386393
-223.21300698756923	372.9656236983338
-223.21300698756923	373.8434583728033
-222.33517231309972	373.8434583728033
-221.45733763862987	374.7212930472728
-221.45733763862987	375.5991277217426
-220.57950296416035	375.5991277217426
-219.70166828969053	376.4769623962121
-219.70166828969053	379.110466419621
-218.82383361522102	379.110466419621
-217.9459989407515	379.98830109409084
-217.9459989407515	380.86613576856035
-217.06816426628166	380.86613576856035
-216.19032959181214	381.7439704430302
-216.19032959181214	382.6218051174997
-213.5568255684033	382.6218051174997
-212.67899089393345	383.4996397919692
-212.67899089393345	384.377474466439
-211.80115621946396	384.377474466439
-210.9233215449941	385.25530914090854
-210.9233215449941	386.1331438153784
-208.28981752158526	386.1331438153784
-207.41198284711575	387.0109784898479
-207.41198284711575	387.8888131643174
-206.5341481726459	387.8888131643174
-205.6563134981764	388.76664783878726
-205.6563134981764	389.6444825132568
-203.02280947476754	389.6444825132568
-202.1449748002977	390.52231718772657
-202.1449748002977	391.4001518621961
-201.26714012582818	391.4001518621961
-200.38930545135867	392.2779865366656
-200.38930545135867	393.15582121113545
-199.51147077688884	393.15582121113545
-198.63363610241933	394.03365588560496
-198.63363610241933	394.9114905600748
-196.00013207901046	394.9114905600748
-195.12229740454063	395.7893252345443
-195.12229740454063	396.66715990901383
-192.48879338113176	396.66715990901383
-191.61095870666225	397.5449945834837
-191.61095870666225	398.4228292579532
-188.97745468325306	398.4228292579532
-188.09962000878355	399.300663932423
-188.09962000878355	400.1784986068925
-187.22178533431406	400.1784986068925
-186.3439506598442	401.056333281362
-186.3439506598442	401.93416795583187
-185.4661159853747	401.93416795583187
-184.58828131090485	402.8120026303014
-184.58828131090485	403.68983730477123
-181.954777287496	403.68983730477123
-181.0769426130265	404.56767197924074
-181.0769426130265	405.44550665371025
-176.68776924067828	405.44550665371025
-175.80993456620845	406.3233413281801
-175.80993456620845	407.2011760026496
-173.17643054279958	407.2011760026496
-172.29859586833007	408.0790106771194
-172.29859586833007	408.9568453515889
-169.66509184492122	408.9568453515889
-168.78725717045137	409.83468002605844
-168.78725717045137	410.7125147005283
-166.15375314704252	410.7125147005283
-165.275918472573	411.5903493749978
-165.275918472573	412.46818404946765
-159.13107575128547	412.46818404946765
-158.2532410768156	413.34601872393716
-158.2532410768156	414.2238533984067
-153.8640677044674	414.2238533984067
-152.9862330299979	415.10168807287647
-152.9862330299979	415.979522747346
-148.59705965764968	415.979522747346
-147.71922498318017	416.85735742181583
-147.71922498318017	417.73519209628535
-143.33005161083196	417.73519209628535
-142.45221693636213	418.61302677075486
-142.45221693636213	419.4908614452247
-137.1852088895444	419.4908614452247
-136.30737421507456	420.3686961196942
-136.30737421507456	421.2465307941641
-130.16253149378736	421.2465307941641
-129.2846968193175	422.1243654686336
-129.2846968193175	423.0022001431031
-109.09449930651581	423.0022001431031
-108.2166646320463	423.8800348175729
-108.2166646320463	424.7578694920424
-96.8048138639407	424.7578694920424
-95.9269791894712	425.63570416651226
-95.9269791894712	426.51353884098177
-79.24812037454787	426.51353884098177
-79.24812037454787	425.63570416651226
-78.37028570007836	424.7578694920424
-72.2254429787908	424.7578694920424
-72.2254429787908	423.8800348175729
-71.3476083043213	423.0022001431031
-58.180088187276674	423.0022001431031
-58.180088187276674	422.1243654686336
-57.302253512806836	421.2465307941641
-51.15741079151961	421.2465307941641
-51.15741079151961	420.3686961196942
-50.279576117049764	419.4908614452247
-45.89040274470156	419.4908614452247
-45.89040274470156	418.61302677075486
-45.01256807023205	417.73519209628535
-40.62339469788384	417.73519209628535
-40.62339469788384	416.85735742181583
-39.745560023414	415.979522747346
-35.35638665106579	415.979522747346
-35.35638665106579	415.10168807287647
-34.478551976596286	414.2238533984067
-31.845047953187425	414.2238533984067
-31.845047953187425	413.34601872393716
-30.967213278717587	412.46818404946765
-28.333709255308726	412.46818404946765
-28.333709255308726	411.5903493749978
-27.455874580839218	410.7125147005283
-23.06670120849101	410.7125147005283
-23.06670120849101	409.83468002605844
-22.18886653402117	408.9568453515889
-19.555362510612312	408.9568453515889
-19.555362510612312	408.0790106771194
-18.6775278361428	407.2011760026496
-16.044023812733943	407.2011760026496
-16.044023812733943	406.3233413281801
-15.166189138264102	405.44550665371025
-9.021346416976543	405.44550665371025
-9.021346416976543	404.56767197924074
-8.143511742507036	403.68983730477123
-0.24299967228012756	403.68983730477123
-0.24299967228012756	402.8120026303014
0.6348350021893809	401.93416795583187
5.02400837453759	401.93416795583187
5.02400837453759	401.056333281362
5.901843049007098	400.1784986068925
12.046685770294657	400.1784986068925
12.046685770294657	399.300663932423
12.924520444764497	398.4228292579532
15.558024468173356	398.4228292579532
15.558024468173356	397.5449945834837
16.43585914264286	396.66715990901383
19.06936316605172	396.66715990901383
19.06936316605172	395.7893252345443
19.94719784052156	394.9114905600748
22.58070186393042	394.9114905600748
22.58070186393042	394.03365588560496
23.45853653839993	393.15582121113545
24.336371212869768	393.15582121113545
24.336371212869768	392.2779865366656
25.21420588733928	391.4001518621961
27.847709910748137	391.4001518621961
27.847709910748137	388.76664783878726
28.72554458521798	387.8888131643174
36.62605665544455	387.8888131643174
36.62605665544455	387.0109784898479
37.503891329914396	386.1331438153784
38.3817260043839	386.1331438153784
38.3817260043839	385.25530914090854
39.259560678853745	384.377474466439
40.13739535332325	384.377474466439
40.13739535332325	383.4996397919692
41.01523002779276	382.6218051174997
41.8930647022626	382.6218051174997
41.8930647022626	381.7439704430302
42.77089937673211	380.86613576856035
43.64873405120195	380.86613576856035
43.64873405120195	379.98830109409084
44.52656872567146	379.110466419621
45.40440340014097	379.110466419621
45.40440340014097	378.2326317451515
46.28223807461081	377.35479707068197
47.16007274908032	377.35479707068197
47.16007274908032	376.4769623962121
48.03790742355016	375.5991277217426
50.67141144695902	375.5991277217426
50.67141144695902	374.7212930472728
51.549246121428524	373.8434583728033
52.42708079589837	373.8434583728033
52.42708079589837	372.9656236983338
53.304915470367874	372.08778902386393
54.182750144837385	372.08778902386393
54.182750144837385	371.2099543493944
55.06058481930722	370.33211967492457
56.81625416824657	370.33211967492457
56.81625416824657	369.45428500045506
57.694088842716084	368.57645032598555
58.571923517185596	368.57645032598555
58.571923517185596	367.6986156515157
59.449758191655434	366.8207809770462
60.327592866124945	366.8207809770462
60.327592866124945	365.0651116281069
61.20542754059478	364.18727695363737
62.083262215064295	364.18727695363737
62.083262215064295	361.55377293022815
62.9610968895338	360.67593825575864
63.838931564003644	360.67593825575864
63.838931564003644	358.0424342323498
64.71676623847316	357.16459955787997
65.594600912943	357.16459955787997
65.594600912943	354.5310955344711
66.4724355874125	353.6532608600016
67.35027026188202	353.6532608600016
67.35027026188202	349.2640874876534
68.22810493635185	348.38625281318355
69.10593961082137	348.38625281318355
69.10593961082137	345.75274878977467
69.9837742852912	344.87491411530516
70.86160895976072	344.87491411530516
70.86160895976072	343.9970794408353
71.73944363423023	343.1192447663658
72.61727830870007	343.1192447663658
72.61727830870007	340.485740742957
73.49511298316958	339.6079060684871
76.12861700657844	339.6079060684871
76.12861700657844	338.7300713940176
77.00645168104828	337.8522367195481
77.88428635551779	337.8522367195481
77.88428635551779	336.97440204507825
78.76212102998763	336.09656737060874
81.39562505339649	336.09656737060874
81.39562505339649	335.2187326961389
82.27345972786598	334.3408980216694
83.15129440233584	334.3408980216694
83.15129440233584	333.4630633471999
84.02912907680533	332.58522867273007
86.6626331002142	332.58522867273007
86.6626331002142	331.70739399826056
87.54046777468403	330.8295593237907
88.41830244915354	330.8295593237907
88.41830244915354	328.19605530038183
89.29613712362305	327.3182206259123
90.1739717980929	327.3182206259123
90.1739717980929	324.6847166025035
91.0518064725624	323.80688192803365
91.92964114703224	323.80688192803365
91.92964114703224	317.6620392067461
92.80747582150175	316.7842045322766
93.68531049597127	316.7842045322766
93.68531049597127	312.39503115992835
94.5631451704411	311.51719648545884
95.44097984491061	311.51719648545884
95.44097984491061	308.8836924620497
96.31881451938045	308.00585778758017
97.19664919384996	308.00585778758017
97.19664919384996	307.12802311311066
98.07448386831948	306.2501884386408
98.95231854278931	306.2501884386408
98.95231854278931	303.61668441523193
99.83015321725883	302.7388497407624
100.70798789172866	302.7388497407624
100.70798789172866	301.8610150662926
101.58582256619817	300.9831803918231
102.46365724066769	300.9831803918231
102.46365724066769	298.34967636841424
103.34149191513752	297.4718416939444
104.21932658960704	297.4718416939444
104.21932658960704	293.0826683215962
105.09716126407687	292.2048336471267
105.97499593854639	292.2048336471267
105.97499593854639	289.5713296237178
106.85283061301588	288.69349494924796
107.73066528748573	288.69349494924796
107.73066528748573	282.5486522279604
108.60849996195523	281.6708175534909
109.48633463642508	281.6708175534909
109.48633463642508	277.2816441811427
110.36416931089458	276.4038095066732
111.2420039853641	276.4038095066732
111.2420039853641	270.2589667853856
112.11983865983393	269.3811321109158
112.99767333430344	269.3811321109158
112.99767333430344	222.8558943640249
112.11983865983393	222.8558943640249
111.2420039853641	221.97805968955538
111.2420039853641	217.58888631720717
110.36416931089458	217.58888631720717
109.48633463642508	216.71105164273732
109.48633463642508	214.07754761932847
108.60849996195523	214.07754761932847
107.73066528748573	213.19971294485896
107.73066528748573	212.3218782703891
106.85283061301588	212.3218782703891
105.97499593854639	211.4440435959196
105.97499593854639	208.81053957251075
105.09716126407687	208.81053957251075
104.21932658960704	207.9327048980409
104.21932658960704	203.54353152569269
103.34149191513752	203.54353152569269
102.46365724066769	202.6656968512232
102.46365724066769	196.52085412993563
101.58582256619817	196.52085412993563
100.70798789172866	195.64301945546612
100.70798789172866	187.7425073852392
101.58582256619817	186.8646727107697
102.46365724066769	186.8646727107697
102.46365724066769	178.9641606405428
101.58582256619817	178.9641606405428
100.70798789172866	178.0863259660733
100.70798789172866	174.5749872681946
99.83015321725883	174.5749872681946
98.95231854278931	173.6971525937251
98.95231854278931	171.06364857031622
98.07448386831948	171.06364857031622
97.19664919384996	170.1858138958464
97.19664919384996	167.55230987243752
96.31881451938045	167.55230987243752
95.44097984491061	166.674475197968
95.44097984491061	165.79664052349818
94.5631451704411	165.79664052349818
93.68531049597127	164.91880584902867
93.68531049597127	162.2853018256198
92.80747582150175	162.2853018256198
91.92964114703224	161.40746715114997
91.92964114703224	158.7739631277411
91.0518064725624	158.7739631277411
90.1739717980929	157.89612845327161
90.1739717980929	155.2626244298624
89.29613712362305	155.2626244298624
88.41830244915354	154.38478975539292
88.41830244915354	151.75128573198404
87.54046777468403	151.75128573198404
86.6626331002142	150.8734510575142
86.6626331002142	148.23994703410534
85.78479842574468	148.23994703410534
84.90696375127484	147.36211235963583
84.90696375127484	142.97293898728762
84.02912907680533	142.97293898728762
83.15129440233584	142.0951043128178
83.15129440233584	139.46160028940892
82.27345972786598	139.46160028940892
81.39562505339649	138.5837656149394
81.39562505339649	134.1945922425912
80.51779037892663	134.1945922425912
79.63995570445714	133.31675756812137
79.63995570445714	127.17191484683413
78.76212102998763	127.17191484683413
77.88428635551779	126.29408017236429
77.88428635551779	123.66057614895543
77.00645168104828	123.66057614895543
76.12861700657844	122.78274147448592
76.12861700657844	120.14923745107673
75.25078233210893	120.14923745107673
74.37294765763941	119.27140277660722
74.37294765763941	118.39356810213772
73.49511298316958	118.39356810213772
72.61727830870007	117.51573342766787
72.61727830870007	116.63789875319837
71.73944363423023	116.63789875319837
70.86160895976072	115.76006407872852
70.86160895976072	114.88222940425902
69.9837742852912	114.88222940425902
69.10593961082137	114.00439472978951
69.10593961082137	113.12656005531967
68.22810493635185	113.12656005531967
67.35027026188202	112.24872538085016
67.35027026188202	111.37089070638032
64.71676623847316	111.37089070638032
63.838931564003644	110.49305603191081
63.838931564003644	109.6152213574413
61.20542754059478	109.6152213574413
60.327592866124945	108.73738668297146
60.327592866124945	107.85955200850195
57.694088842716084	107.85955200850195
56.81625416824657	106.98171733403211
56.81625416824657	106.1038826595626
53.304915470367874	106.1038826595626
52.42708079589837	105.22604798509309
52.42708079589837	104.34821331062325
49.793576772489175	104.34821331062325
48.91574209801967	103.47037863615374
48.91574209801967	102.5925439616839
44.52656872567146	102.5925439616839
43.64873405120195	101.71470928721439
43.64873405120195	100.83687461274488
41.01523002779276	100.83687461274488
40.13739535332325	99.95903993827504
40.13739535332325	99.08120526380553
37.503891329914396	99.08120526380553
36.62605665544455	98.20337058933569
36.62605665544455	97.32553591486618
33.9925526320357	97.32553591486618
33.114717957566185	96.44770124039667
33.114717957566185	95.56986656592683
30.481213934157328	95.56986656592683
29.603379259687486	94.69203189145732
29.603379259687486	93.81419721698748
26.96987523627863	93.81419721698748
26.09204056180912	92.93636254251797
26.09204056180912	92.05852786804847
21.70286718946091	92.05852786804847
20.82503251499107	91.18069319357862
20.82503251499107	90.30285851910912
18.19152849158221	90.30285851910912
17.313693817112703	89.42502384463927
17.313693817112703	88.54718917016977
12.924520444764497	88.54718917016977
12.046685770294657	87.66935449570026
12.046685770294657	86.79151982123042
9.413181746885797	86.79151982123042
8.53534707241629	85.91368514676091
8.53534707241629	85.03585047229107
5.901843049007098	85.03585047229107
5.02400837453759	84.15801579782156
5.02400837453759	83.28018112335205
2.3905043511287305	83.28018112335205
1.5126696766588894	82.40234644888221
1.5126696766588894	81.5245117744127
0.6348350021893809	81.5245117744127
-0.24299967228012756	80.64667709994286
-0.24299967228012756	79.76884242547335
-2.8765036956893186	79.76884242547335
-3.7543383701588273	78.89100775100384
-3.7543383701588273	78.013173076534
-4.632173044628336	78.013173076534
-5.510007719098176	77.13533840206449
-5.510007719098176	76.25750372759465
-8.143511742507036	76.25750372759465
-9.021346416976543	75.37966905312514
-9.021346416976543	74.50183437865563
-11.654850440385735	74.50183437865563
-12.532685114855243	73.62399970418579
-12.532685114855243	72.74616502971628
-15.166189138264102	72.74616502971628
-16.044023812733943	71.86833035524644
-16.044023812733943	70.99049568077693
-20.43319718508215	70.99049568077693
-21.31103185955166	70.11266100630742
-21.31103185955166	69.23482633183758
-36.234221325535636	69.23482633183758
