1079
0.0017791820827919881
0.001786321786364769
0.0018541581009051905
0.0020425797426029545
0.0022946027666303948
0.002546853266145133
0.0027993312411471703
0.003052036691636507
0.0033049696176131417
0.0034943696264503393
0.0035626216377199456
0.003569807993035226
0.0035769949024442925
0.0036452981772580203
0.0038351917802320694
0.004089585054423432
0.0043446668247748
0.00460043709128617
0.004856895853957546
0.005114043112788923
0.005306897922821248
0.0053764566356306704
0.005383781514392458
0.005391106947248037
0.005460726194803582
0.005654273353679264
0.005913549579360007
0.00617351430120075
0.006434167519201493
0.006695509233362233
0.006957539443682972
0.007154047809616908
0.007224928428248869
0.007232394261266906
0.007239861034198097
0.007310842255212891
0.007508353214253669
0.007773346084764714
0.008039506856112868
0.008306835528298128
0.008575332101320499
0.008844996575179979
0.009047530650402246
0.009120641479643334
0.009128342290949604
0.00913604404216903
0.009209257556922078
0.009412966068315091
0.009686241923486466
0.009960685679494942
0.01023629733634052
0.0105130768940232
0.010791024352542972
0.010999754744372175
0.011075115586646984
0.01108305539898757
0.011090996562204565
0.011166504987726809
0.011376779323481323
0.011659276720120772
0.01194345266512546
0.012229307158495377
0.01251684020023053
0.01280605179033091
0.013023545526215052
0.013102114699956029
0.013110392231398316
0.013118671113717017
0.01319738787070543
0.013416569547767317
0.013710971542741732
0.014007052086081368
0.014304811177786233
0.01460424881785631
0.01490536500629161
0.015131766458190069
0.0152135785058411
0.01522219974075649
0.015230822773848227
0.015312831272264883
0.015541363481328238
0.015848748226483366
0.01615836731813239
0.01647022075627529
0.016784308540912077
0.01710063067204273
0.017338772756937886
0.017424855473406758
0.017433926252408243
0.017442998829586068
0.017529277996820556
0.017769666931154483
0.01809289810534421
0.0184183636260278
0.018746063493205258
0.019075997706876582
0.019408166267041765
0.01965817404686477
0.019748583067418394
0.019758111850827636
0.019767642928408984
0.019858302587265963
0.020111087806030225
0.020451425247390083
0.0207946133409862
0.021140652086818555
0.02148954148488716
0.02184128153519201
0.0221063273474251
0.02220218502674726
0.022212287353184767
0.022222391973794383
0.022318500291419904
0.022586412707554702
0.022946967540660956
0.023310373026003438
0.023676629163582152
0.024045735953397096
0.02441769339544825
0.02469789435522296
0.024799283416568334
0.024809970927044952
0.02482066129041747
0.024922362030638915
0.02520606511102051
0.025588330907229898
0.02597414160488966
0.026363497203999803
0.026756397704560307
0.02715284310657118
0.027451792731240914
0.027559957420327044
0.027571358154776373
0.027582761742121605
0.027691238110083817
0.02799375247274564
0.028401159413993085
0.028812111256690864
0.029226608000838986
0.029644649646437468
0.030066236193486282
0.030384059239851928
0.030499117310490258
0.030511247012040714
0.030523380204199497
0.030638819623798937
0.030960967319420128
0.03139530671599207
0.03183398341158908
0.032276997406211184
0.03272434869985836
0.0331760372925306
0.033516839617230385
0.033640187882675476
0.03365319023631086
0.03366619608055455
0.03378992569496074
0.0341350895893217
0.03460018997188706
0.03506962765347747
0.03554340263409294
0.03602151491373345
0.036503964492399
0.03686790171439099
0.03699970350382301
0.03701359956530683
0.0370274998532501
0.03715976338337524
0.03752896825499523
0.038026998470527124
0.03853028032605916
0.0390388138215914
0.039552598957123826
0.04007163573265639
0.04046342779406689
0.040605267424654146
0.0406202201009964
0.04063517700379809
0.04077747837507847
0.04117455146358988
0.04170982735288181
0.0422503548821739
0.04279613405146615
0.04334716486075854
0.04390344204795421
0.04432331488348841
0.04447541489467771
0.044491452108496886
0.044507494405425715
0.044660149746342435
0.04508637400678672
0.045661540672713996
0.0462430234200547
0.046830822248808794
0.047424937158976284
0.04802536815055716
0.048478757740234205
0.04864293013680197
0.04866023812802942
0.04867755120236649
0.048842278928661664
0.049302019943248745
0.04992198151281712
0.05054825916379884
0.05118085289619393
0.051819762710002375
0.052464974073496436
0.052952236329680366
0.05312878054161049
0.05314739610469568
0.05316601775574837
0.05334322707812813
0.053838096344830846
0.054506097990579115
0.05518166431644712
0.055864795322434865
0.056555491008542326
0.05725375137476952
0.05778115616667253
0.057972159301420904
0.0579922968563817
0.05801244049931
0.058204108744508
0.05873912054692977
0.059460772406293064
0.060189988945776034
0.06092677016537869
0.06167111606510102
0.06242301930577455
0.06299111400319468
0.06319697532242197
0.06321868312339259
0.0632403981983481
0.06344705420041898
0.06402423785555042
0.06480354027787069
0.06559188108097644
0.06638926026486772
0.06719567782954444
0.06801113377500666
0.06862719130995353
0.06885032834317151
0.06887385464035169
0.06889738821151672
0.06912131992757829
0.06974646642023646
0.07058987083394308
0.07144231362843519
0.07230379480371273
0.07317431435977566
0.07405389969279298
0.07471872231245753
0.0749596636616044
0.07498507148033394
0.0750104879793398
0.07525237764867909
0.0759280464092853
0.0768405009052945
0.07776374118719884
0.07869776725499836
0.079642579108693
0.0805981767482828
0.08132023494019915
0.08158179194570214
0.08160936983352178
0.08163695640161778
0.08189946172731312
0.08263236606017117
0.0836213154916069
0.08462105070893769
0.0856315717121636
0.08665287850128459
0.08768507781537964
0.08846551112283436
0.08874837904514739
0.08877820896196657
0.08880804923041422
0.08909204806813636
0.08988541589709506
0.09095698968464712
0.09204142601753647
0.0931387248957631
0.09424888631932697
0.0953719102882282
0.09622059964583553
0.09652805268573905
0.09656047050967302
0.09659289868523549
0.09690148264054815
0.09776310651965937
0.0989259040330077
0.10010156409169321
0.10129008669571597
0.10249147184507595
0.1037059772449
0.10462450488546533
0.1049574509742071
0.10499256269116347
0.10502768674340504
0.10536198046204329
0.10629592123407261
0.10755752429076224
0.10883445471013668
0.11012671249219592
0.11143429763693997
0.1127572101443689
0.11375707357102394
0.1141193159618644
0.1141575115000943
0.11419571937360935
0.11455930939434632
0.11557458595246532
0.11694489370904722
0.11833052882831394
0.11973149131026538
0.12114778115490157
0.1225799218830396
0.12366327356407271
0.12405598520232844
0.12409740028081051
0.12413883002811119
0.12453314423479127
0.12563482483377753
0.12712314552219584
0.12862969313443848
0.1301544676705055
0.13169746913039673
0.13325869751411226
0.13443877171732546
0.13486632179958927
0.13491140408270375
0.1349565010346368
0.13538565368532493
0.13658405680649127
0.13820164645820252
0.13983746303373798
0.14149150653309783
0.14316377695628174
0.14485524653221887
0.14613489972841795
0.146598773908919
0.14664769385423249
0.14669663114891887
0.14716240074841574
0.14846373225721088
0.15022179642633302
0.15200141827569238
0.1538025978052891
0.15562533501512324
0.15746962990519472
0.15886368052934208
0.1593687594706208
0.15942201675917397
0.15947529139710004
0.1599822657573746
0.16139799469411817
0.16330895021244135
0.16524146341100193
0.1671955342897999
0.16917116246508804
0.17117005517969822
0.17268214542000845
0.17323023697881879
0.17328803719179095
0.1733458576647015
0.17389616262177718
0.17543356797162413
0.17751030443438048
0.17961221513678968
0.18173930007885175
0.18389155926056674
0.18606899268193453
0.18771467189077634
0.18831088080318106
0.18837374600074208
0.18843663145824152
0.18903505376891153
0.19070604808729016
0.19296132525680465
0.1952417766659722
0.19754740231479265
0.1998783081684403
0.2022370473433435
0.20402060844582537
0.20466694732571714
0.20473510372952028
0.20480328312993976
0.20545213439016416
0.20726443012405654
0.20971152804800472
0.2121872007050156
0.21469144809508947
0.21722427021822616
0.21978566707442576
0.22172086211575037
0.2224218179593959
0.22249572351727845
0.2225696520717773
0.2232731202957555
0.2252370499684911
0.227886805573737
0.2305651359120462
0.23327204098341864
0.23600819895204148
0.23877617395964307
0.2408671436925294
0.24162446111861913
0.24170430727427586
0.24178417791219126
0.24254417002503612
0.24466573072261316
0.24752777268842754
0.25042023539072833
0.2533431188295158
0.2562964230047903
0.2592801479165516
0.26153254754226735
0.26234801033259925
0.26243397705291294
0.26251996825548546
0.2633381057325725
0.2656210963229801
0.2686988881929576
0.27180710079942255
0.27494573414237544
0.278117100668606
0.28132094141978364
0.2837361547244247
0.2846098664844705
0.2847019525113826
0.28479406070362057
0.28567019402549954
0.28811310325093964
0.2914021087247999
0.2947186560011799
0.29806274508007996
0.3014343759615003
0.3048335486454413
0.30739491456644247
0.3083212689750354
0.30841889633337355
0.3085165458570373
0.30944532182746376
0.31203438366926667
0.3155187210758981
0.3190306002850518
0.322570021296728
0.3261426318815136
0.32973820744224136
0.3324372354953703
0.33341122602452045
0.33351380768533273
0.333616400077946
0.3345915630563385
0.33730400066230765
0.34094081048483144
0.34459095524064404
0.3482544349297464
0.35193124955213884
0.3556213991078224
0.3583911899727838
0.3593906685289453
0.35949593313996936
0.3596012084827943
0.3606018594881985
0.3633850599060053
0.3671164437235015
0.3708611624742919
0.3746192161583772
0.37839731314123637
0.38216506216847307
0.38497008428502727
0.385977465515622
0.386083414497869
0.38618934611872685
0.3871948306176261
0.3899781594079562
0.3936792016401594
0.39735867126204344
0.4010165682736088
0.4046528926748566
0.40826764446578667
0.4109581899268103
0.4119243378596784
0.41202594649479596
0.4121275377685252
0.41309178896969795
0.41576064110450084
0.4193086861004106
0.4228351584860062
0.42634005826128674
0.429809394934971
0.43320818295385666
0.43570402217190324
0.4365930949688144
0.4366863764966084
0.4367795999134678
0.43766232409076705
0.44008555278796196
0.44326106406812016
0.44636436888001957
0.4493954672236602
0.4523543590990423
0.4552410445061664
0.4573537147487458
0.45810477407582006
0.45818352786994765
0.45826222355314006
0.4590069342606024
0.4610469939823305
0.4637104026507259
0.46629325354262485
0.46875325876280477
0.4710852071613451
0.47328909873824554
0.4748543561351322
0.4754005836901184
0.47545754026954007
0.47551439379030475
0.4760493621870886
0.4774858461826156
0.4792937606372826
0.4809736182703097
0.4825254190816968
0.4839491630714443
0.4852448502395521
0.486130564621349
0.48643202786758266
0.48646321978292467
0.4864943086396105
0.4867845127276415
0.4875338353515245
0.4883774879495055
0.48906896022652885
0.4896082521825943
0.48999536381770253
0.49023029513185296
0.49030654577682947
0.4903131403044147
0.49031319148211566
0.4903131201868457
0.4903063345423555
0.4902295532964982
0.4899939128380424
0.48960609205862904
0.48906609095825804
0.4883739095369296
0.4875295477946433
0.4867797352407012
0.4864893664370935
0.48645826050592333
0.48642705156638216
0.4861254290982292
0.4852392964561088
0.48394310490284576
0.4825189190104412
0.4809667387788949
0.47928656420820703
0.4774783952983774
0.4760417617783967
0.4755067480933757
0.475449890069425
0.47539292903710323
0.474846661687537
0.47328131759833414
0.4710773647745631
0.4687454176116501
0.46628547610959553
0.4637027773330538
0.4610395757947581
0.4589996873141395
0.4582550416955721
0.4581763529688886
0.4580976061512796
0.4573466140990664
0.45523414009896807
0.452347738700948
0.44938915569691645
0.4463583910868732
0.44325544487081864
0.4400803170487523
0.43765739152602046
0.4367747799586357
0.4366815685004976
0.43658829895143453
0.43569934095040375
0.43320382990819223
0.42980550222640135
0.4263366419851345
0.4228321981847912
0.41930617210636456
0.41575856374985753
0.4130900319973654
0.412125894868713
0.41202431556177077
0.41192271888565857
0.41095668417529163
0.40826644937471884
0.4046521043285545
0.40101617700431696
0.3973586674020085
0.3936795755216299
0.389978901363184
0.38719584165251275
0.38619045274745634
0.38608453114826075
0.38597859217989583
0.38497130569312593
0.3821665429343873
0.378399132086326
0.3746213551404059
0.370863597164158
0.36711916214859336
0.36338805009371505
0.3606050451855173
0.35960446295870097
0.3594991948051414
0.3593939373737473
0.3583945265435052
0.3556249191485547
0.3519350043338271
0.34825841247979544
0.34459514358646215
0.34094519765382936
0.3373085746818998
0.3345962690520895
0.3336211519682019
0.33351856435600347
0.3334159874659703
0.3324420417786583
0.32974313366211266
0.32614770793038644
0.3225752370423088
0.3190359490797384
0.31552419568395756
0.31203997685496754
0.3094509990037295
0.3085222522935138
0.3084246058193002
0.30832698150458904
0.30740065572001873
0.3048393665133645
0.30144029003275646
0.29806874811894396
0.2947247407719281
0.29140826799171016
0.2881193297782912
0.2856764661465104
0.2848003482546785
0.2847082416560842
0.28461615721699246
0.2837424602508067
0.2813272852636178
0.27812348939860565
0.2749521612638365
0.27181356214730357
0.26870537976663006
0.2656276141218168
0.2633446405372325
0.2625265086368158
0.2624405180043583
0.26235455185093953
0.26153909428553035
0.2592867076426251
0.25630299658529687
0.2533497022638308
0.2504268246782272
0.24753436382848681
0.24467231971460981
0.24255075479324625
0.24179076061038826
0.2417108897376737
0.24163104334399796
0.24087372349614788
0.23878274551646672
0.23601475599008592
0.23327858130844
0.23057165813580419
0.22789330800540927
0.2252435309172557
0.22327958406457207
0.22257610942067466
0.222502180183251
0.22242827394108286
0.22172731152885564
0.21979209760729998
0.21723067403983587
0.21469782351461356
0.2121935460316332
0.20971784159089532
0.20727071019239965
0.20545838830609237
0.2048095273941604
0.20474134697062749
0.20467318954235061
0.20402684086208878
0.20224325190691095
0.19988447402910947
0.19755352882825722
0.19524786342500322
0.1929673717809971
0.19071205389623816
0.18904102879941434
0.18844259533678615
0.18837970870336643
0.1883168423294989
0.18772062222289695
0.1860749117525167
0.18389743613039614
0.18174513426752328
0.17961800616389853
0.17751605181952174
0.17543927123439287
0.17390183255679623
0.1733515155295294
0.1732936937840426
0.17323589229810762
0.17268778862686746
0.17117566457571454
0.1691767262532255
0.16720105296572416
0.16524693677567331
0.16331437806384036
0.16140337683022518
0.15998761355594027
0.1594806267999363
0.159427350856343
0.15937409226196006
0.15886900090718956
0.1574749157423509
0.15563057451230305
0.15380779076047313
0.1520065644868611
0.15022689569146702
0.14846878437429087
0.14716741745592302
0.14670163507456213
0.14665269643356285
0.14660377514177392
0.14613988816164664
0.14486019935272515
0.14316868194192678
0.14149636310982489
0.1398422711726833
0.13820640613050197
0.13658876798328082
0.13539032855758895
0.1349611628264308
0.13491606449748422
0.1348709808373329
0.13444341767206136
0.13326330713529702
0.13170203016681822
0.13015898009329963
0.1286341569147413
0.12712756063114317
0.1256391912425051
0.12453747418582392
0.12414314684350372
0.12410171571338212
0.12406029925205589
0.12366757447562225
0.12258418630786842
0.12115199683424493
0.11973565862548866
0.11833464818538925
0.11694896551394662
0.11557861061116075
0.11456329904250136
0.11419969646700816
0.11416148727365513
0.11412329041591389
0.11376103550601159
0.11276113747705976
0.11143817907877274
0.11013054844914241
0.10883824558816874
0.1075612704958517
0.10629962317219128
0.10536564954394116
0.10503134404651006
0.10499621875611091
0.1049611058013236
0.10462814796948333
0.1037095878809407
0.1024950396294458
0.1012936124370494
0.1001050483667977
0.09892934741869086
0.0977665095927287
0.09690485592788578
0.09659626132316707
0.09656383202905161
0.09653141308702881
0.09622394944843395
0.09537523088513006
0.09425216838721817
0.09314196901145091
0.09204463275782827
0.0909601596263502
0.08988854961701671
0.08909515506319723
0.08881114667856276
0.08878130540761402
0.088751474488758
0.08846859707024739
0.08768813761796668
0.08665590387741055
0.08563456307077717
0.08462400838255717
0.08362423981275038
0.08263525736135693
0.08190232853955512
0.0816398144387994
0.08161222694841781
0.08158464813858016
0.08132308238725285
0.08060100004077153
0.07964537040943591
0.07870052689651343
0.07776646950200407
0.0768431982259078
0.0759307130682246
0.07525502158320595
0.0750131237743721
0.07498770641998224
0.07496229774613636
0.0747213482867309
0.07405650327703252
0.07317688812976292
0.07230633896631786
0.07144482851021741
0.07059235676146154
0.0697489237200502
0.06912375602095297
0.06889981671133781
0.06887628234223112
0.06885275524737203
0.06862961064931254
0.06801353223631304
0.0671980486729315
0.06639160381689442
0.06559419766820176
0.06480583022685353
0.06402650149284968
0.06344929836418843
0.06324263539273978
0.06322091958554532
0.06319921105259853
0.06299334279270552
0.062425228950141784
0.06167330061683182
0.06092892996370538
0.060192124237293164
0.059462883437595065
0.05874120756461111
0.05820617795583262
0.05801450333078882
0.057994359017339694
0.05797422079205652
0.057783211299143704
0.05725578894885827
0.05655750533152927
0.05586678664091435
0.05518363287701344
0.054508044039826536
0.05384002012935365
0.05334513436486528
0.053167919133973306
0.05314929686201387
0.05313068067822035
0.05295413057945937
0.05246685207346387
0.051821619039543985
0.051182687684238524
0.05055007256378279
0.04992377367817679
0.04930379102742052
0.048844034339673215
0.04867930098911155
0.048661987323394724
0.048644678740910996
0.04848050073356737
0.048027095625025
0.047426644026711644
0.04683250866324791
0.0462446895346338
0.04566318664086928
0.045087999981954334
0.04466176086257052
0.04450910019066109
0.044493057333223444
0.0444770195590189
0.04432491423032748
0.04390502669014845
0.04334872985981479
0.04279767957331429
0.04225188109815074
0.041711334434324086
0.041176039581834335
0.04077895241660751
0.04063664599853831
0.0406216885652196
0.04060673535849821
0.04046489069618662
0.04007308473035617
0.039554029521432894
0.03904022612384642
0.03853167453759678
0.038028374762683934
0.03753032679910788
0.037161108759983075
0.03702884051055724
0.03701493972656941
0.03700104316917891
0.03686923667551067
0.03650528647170776
0.03602281984404924
0.03554469069593628
0.035070899027368846
0.03460144483834694
0.034136328128870554
0.033791152136341464
0.03366741818905802
0.03365441188948469
0.03364140908066498
0.03351805649821456
0.03317724225687722
0.03272553789549894
0.0322781710136661
0.0318351416113787
0.031396449688636745
0.030962095245440212
0.030639936409595635
0.030524493002160615
0.030512359390992384
0.030500229270577772
0.030385167227975778
0.030067333221239567
0.02964573212202894
0.02922767601254903
0.02881316489279984
0.028402198762781366
0.02799477762249357
0.02769225269346554
0.02758377253171524
0.027572368545396887
0.02756096741204549
0.02745279893693316
0.027153838834671526
0.026757379506600575
0.026364465168260288
0.02597509581965063
0.025589271460771612
0.0252069920916232
0.024923278913341246
0.024821574548068194
0.024810883803484306
0.024800195911867343
0.02469880323323225
0.024418592224877494
0.0240466213467662
0.02367750118824828
0.023311231749323744
0.022947813029992596
0.0225872450302548
0.022319322806545375
0.02222321096557116
0.022213105974367327
0.022203003277389815
0.02210714208064119
0.021842086528567502
0.0214903335199127
0.021141431230851188
0.020795379661383017
0.02045217881150815
0.020111828681226587
0.01985903401232303
0.019768370958861824
0.0197588395242383
0.0197493103838411
0.01965889797460548
0.019408880842319846
0.019076699878031164
0.018746753340018133
0.01841904122828073
0.018093563542818974
0.017770320283632842
0.017529922359158984
0.017443639964711172
0.017434567048163773
0.01742549592985692
0.017339409993189395
0.01710125899838248
0.016784925028956385
0.016470825485805893
0.016158960368930986
0.01584932967833166
0.015541933414007914
0.015313392638172187
0.015231381065034789
0.015222757708625329
0.015214136150456421
0.015132321035099294
0.014905911076090907
0.014604783572734988
0.014305334689880827
0.014007564427528438
0.01371147278567781
0.013417059764328927
0.013197869884216331
0.013119150182467456
0.013110870990478758
0.01310259314942453
0.013024021037265568
0.012806519170870893
0.012517296777456485
0.01222975300454381
0.011943887852132852
0.01165970132022363
0.011377193408816124
0.011166911252808564
0.011091400020405578
0.011083458562032241
0.011075518454593364
0.01100015481178029
0.010791416692014734
0.010513458955129555
0.010236669172749692
0.009961047344875119
0.009686593471505845
0.009413307552641853
0.009209591546423689
0.009136375339472882
0.009128673305090972
0.00912097221066541
0.009047858693945234
0.00884531717786631
0.008575642806266884
0.008307136389172734
0.008039797926583853
0.007773627418500243
0.007508624864921896
0.007311106695850063
0.007240122885217357
0.007232655839921564
0.007225189734582117
0.007154306530679708
0.006957790997784799
0.00669575123835923
0.006434400008827891
0.006173737309190792
0.005913763139447921
0.005654477499599285
0.005460923318852841
0.005391301546719005
0.005383975848260878
0.005376650703923686
0.005307089469501993
0.005114227671521903
0.004857071102835552
0.004600603064043422
0.004344823555145511
0.004089732576141819
0.0038353301270323374
0.003645429681200647
0.003577123946287288
0.0035699367780628963
0.003562750163959439
0.003494495694299885
0.0033050888617300886
0.0030521468213973086
0.002799432262860264
0.0025469451861185725
0.0022946855911724993
0.0020426534780220063
0.0018542250397231678
0.0017863862779830264
0.0017792463168369713
