452
0.005172334654819521
0.005179604610997012
0.005268705778960652
0.005671890360828978
0.006313952425700229
0.00696019270086368
0.0076113660507768875
0.008269509431359852
0.008934735176758777
0.009358341410127749
0.009452574332574116
0.009460272932796247
0.009467972456302475
0.009562366549528495
0.009990148240639995
0.010673541498449762
0.011364604563374368
0.012065610271125893
0.012776782849086683
0.013498122297256717
0.013958741594054616
0.014061341197666133
0.01406972545623386
0.01407811104019357
0.014180942007543166
0.014647555253824834
0.01539541689702139
0.016156399629418592
0.01693089423614675
0.017718900717205825
0.018520419072595808
0.019033378018114028
0.01914775399308604
0.019157102477038532
0.019166452722450496
0.01928113618219309
0.01980237479271853
0.020641928031628076
0.021498684468902962
0.022372644104543173
0.023263806938548674
0.024172172970919448
0.024754780048675977
0.024884980819638136
0.024895627883435124
0.024906277729033293
0.02503696409816185
0.02563202511123614
0.02659202109656357
0.027573355834335844
0.0285760293245529
0.029600041567214734
0.030646376104079685
0.031320155952124486
0.031470837299613925
0.031483160299017966
0.03149548669181696
0.03164676039881476
0.032335886527996335
0.033448710505500724
0.03458756467377229
0.03575244903281099
0.03694417060023932
0.03816676232483308
0.0389547602257976
0.03913103674756584
0.039145453791394315
0.039159874929363805
0.039336866134620715
0.04014337936890222
0.04144653173344718
0.04278108959969413
0.04414767964978737
0.04555096695968724
0.04699187254393245
0.0479208918577295
0.04812874706656888
0.048145747328128076
0.04816275249374903
0.04837146376786646
0.04932266119857182
0.050860064278187844
0.052435528541929594
0.05405434893679025
0.055718017501670325
0.05742653423656978
0.058528220257442656
0.058774720097425806
0.05879488126692552
0.05881504828300375
0.05906256871635027
0.06019069528972386
0.06201452133774362
0.0638893464511386
0.06581748753515165
0.06779894458978276
0.06983371761503183
0.07114573065287
0.07143928561595528
0.07146329533329687
0.07148731200111183
0.07178208025619431
0.07312563590762095
0.07530375845934183
0.07754515923897447
0.07984983824651873
0.08221779548197457
0.08464903094534196
0.08621654113481098
0.08656755344681022
0.08659627231643965
0.08662500096770587
0.08697772078667884
0.08858802360001565
0.09119998319126046
0.09388697615604208
0.0966490024943603
0.09948606220621518
0.10239927757226518
0.10428264446097694
0.1047047018361321
0.10473923225548389
0.10477377426065809
0.1051978540859462
0.1071336166699834
0.11027240069676802
0.11350005771711699
0.1168165877310302
0.1202227885685565
0.12373026664251605
0.12599861171077673
0.12650683111040403
0.1265484090839569
0.1265900007443965
0.12710060936117698
0.12943085197241663
0.1332076476756309
0.1370894333003386
0.14107672815897151
0.14518199503466947
0.14941045982216902
0.1521433420689539
0.1527554627502956
0.1528055381866492
0.15285562968355249
0.15347055393460765
0.15627606837248456
0.1608205574894003
0.16548859473028116
0.17029265052571332
0.17523893440070606
0.1803274463552592
0.1836130784931883
0.18434868853261258
0.18440886116849114
0.18446905234576455
0.18520789901745333
0.1885773827150578
0.1940310162617234
0.19963847465113269
0.20540406551709386
0.21132778885960707
0.21740964467867316
0.22133056784826974
0.22220778585682716
0.22227953206291648
0.22235129888375868
0.22323211545511218
0.22724626673293674
0.23374329540392144
0.2404010983629888
0.24721960827557204
0.2541988251416723
0.26133874896129095
0.2659289598440526
0.2669565960014195
0.2670406598632117
0.2671247401814708
0.2681560596253101
0.27284175694652557
0.28036697824056056
0.288018434465724
0.29579612562201857
0.30370005170944736
0.3117374644927013
0.3168584865157833
0.31799340877423843
0.3180860610569562
0.31817871418008775
0.31931378314328673
0.32443860585195744
0.3325617068515339
0.34069125453159393
0.3488272488921444
0.35697449694282984
0.3650051140074436
0.36994076957435734
0.37102023068290735
0.37110812503462554
0.37119598543578525
0.37226952004999175
0.3770516376942975
0.3844142077359214
0.3915163484670221
0.39835326769113916
0.4047151675878445
0.41059576123360136
0.41406036464750934
0.41480199864262673
0.41486212450816096
0.41492218762877625
0.4156528687139921
0.4188337146592757
0.42347967305045897
0.4276264437827595
0.4312292564839144
0.4342873990873245
0.4368008715929897
0.4381071720228235
0.4383672116207803
0.4383879689331378
0.4384086552402236
0.43865629998044703
0.43963818089150414
0.44071270233193083
0.4412083417531938
0.4411250991552932
0.440462974538229
0.43921964947625225
0.43813573379409976
0.437866236546236
0.4378437667006008
0.43782122590095807
0.43753934274416834
0.43613454483116704
0.4334653706834353
0.43025191967746174
0.4264941918132463
0.422199677147723
0.41741754626233996
0.4141508089387943
0.41340110624867304
0.4133394904694371
0.41327781196421864
0.41251715966977515
0.4089667505153711
0.402950356987302
0.3964354593968147
0.38952096037526107
0.38234589643075373
0.37491026756330065
0.37008195779498543
0.36899818189240197
0.3689094853505779
0.3688207548405167
0.36773104935750733
0.3627491217153396
0.3546554878076364
0.34651566741407314
0.3383821894800968
0.3302550540056872
0.32213426099082487
0.31701084165518
0.31587607799191164
0.31578344970121197
0.3156908222373394
0.31455620290709696
0.3094388635352863
0.3014449622725225
0.2935772380771451
0.28583569094914507
0.278220320888514
0.27073112789524284
0.2660685762780013
0.26504568692675756
0.2649623245289035
0.26487898307801955
0.26385975028222225
0.25929844872703967
0.252204296697025
0.24527082552799773
0.23849803521995455
0.2318859257728915
0.22543683554650562
0.22145104722748057
0.220576514096278
0.22050526020226838
0.22043402692194616
0.21956309216758219
0.21567052713916868
0.20963358463441098
0.2037547664346172
0.19803407253978628
0.19247169478342382
0.18705869074425754
0.1837146781233862
0.18298147455151448
0.18292174403420625
0.18286203205810497
0.18213206508571303
0.17887190317516227
0.17382373549989666
0.1689177944635248
0.16415399826234728
0.15952122272491312
0.15501164727978822
0.15222817508861974
0.1516181344672424
0.1515684416358694
0.15151876486533047
0.1509115278632874
0.14820068914874468
0.14400714362642086
0.13993679232599646
0.13597974459216733
0.13212769111649394
0.1283806318989759
0.12606916426889309
0.1255627155276341
0.12552146345261522
0.12548022506504827
0.12497616563963028
0.12272659810923578
0.11924886764527476
0.1158686289592633
0.11257725218613916
0.1093747511394529
0.10626112581920519
0.10434124742239663
0.10392068692388005
0.10388643221304744
0.10385218908839357
0.10343365110220086
0.10156617001190321
0.09867521474266876
0.09585937367619782
0.09311856954425624
0.09045280234684477
0.08786207208396332
0.0862651732539998
0.08591542331140761
0.0858869371021051
0.08585846067490358
0.08551030233461754
0.08395415968931359
0.08154081048741768
0.07919074598182561
0.07690396617253796
0.0746804710595546
0.07252020286918626
0.07118627439158365
0.07089361497543724
0.0708697704616532
0.07084593289893318
0.07055448687790519
0.06925199387547205
0.06723230451198384
0.06526593565059191
0.06335288729129626
0.06149315943409736
0.05968229428292816
0.05856217602445142
0.058316430025795514
0.058296407864307495
0.05827639154981743
0.05803166621774169
0.05693799040859648
0.05524216466650104
0.05359119031180855
0.051985067344519485
0.050420677404569535
0.04889391261066276
0.04794943209165327
0.047742209062091555
0.047725325387372675
0.0477084466169496
0.047502079693522374
0.04657977834989129
0.045149515656782206
0.04375687303338368
0.04239970529121106
0.04107402227088535
0.03977974702773605
0.03897883912313931
0.03880308991469749
0.03878877016618834
0.038774454512116835
0.03859942003894583
0.03781702880918806
0.036603320042983334
0.0354195758004578
0.03426204541181374
0.03313054722650853
0.03202508124454245
0.03134060128016889
0.031190357050552384
0.03117811469846147
0.03116587574002788
0.031016223915719128
0.030347091419008324
0.029307458862928334
0.028289471297197694
0.02729282401052817
0.02631751700291999
0.02536355027437311
0.024772296338421436
0.024642453518597812
0.024631872535485877
0.02462129433437413
0.024491937147457583
0.023912672851819517
0.023009159407469417
0.022122850193877167
0.02125374521104298
0.020401844458966818
0.019567147937648882
0.019048596549729662
0.018934445100889454
0.01892513828548219
0.018915833231616414
0.01880198928186184
0.01829143184138458
0.01749371804097627
0.016709516743948848
0.015938827950302235
0.015181651660036646
0.014436998230315875
0.01397218612637522
0.013869754252540218
0.013861401248382041
0.013853049569727412
0.01375084907910548
0.013292031429187827
0.012573546531151947
0.011865229359119238
0.011167079913089867
0.010478411828467742
0.009796996019920439
0.009370463025386947
0.009276345617984768
0.009268668681623021
0.00926099266862787
0.0091670364464081
0.00874467928274997
0.00808143261012271
0.0074252689352151575
0.006775726484794556
0.006130637962675465
0.005489728076106013
0.0050872710874310546
0.004998331142400913
0.004991074347646501
