1079
0.0016880760034813011
0.0016948498134812843
0.0017592095551827525
0.0019379735941124948
0.0021770765850139743
0.0024163925044557
0.0026559213524376723
0.0028956631289598937
0.003135617834022362
0.0033152976739876314
0.003380046574082285
0.0033868640674152976
0.0033936820798872018
0.0034584790904225904
0.003638621659304119
0.003879944779821623
0.004121912962859867
0.004364526208418855
0.004607784516498591
0.0048516878870990664
0.005034604855898012
0.005100578105380234
0.0051075253834364995
0.005114473180631658
0.00518050314603794
0.005364068786995245
0.0056099668190073846
0.005856509913540272
0.006103698070593901
0.006351531290168275
0.006600009572263392
0.006786349613138116
0.006853561606932077
0.006860640974999829
0.006867721222997713
0.00693502746549322
0.007122307145586354
0.007373560834527685
0.007625907891659902
0.007879348316983014
0.008133882110497013
0.008389509272201903
0.00858149150518094
0.008650791449384418
0.008658090799986426
0.008665391030518567
0.008734787107089515
0.008927868826523676
0.009186876899797566
0.009446978341262346
0.009708173150918018
0.009970461328764585
0.010233842874802043
0.010431626090150003
0.010503032789821098
0.010510555915656772
0.010518080304565497
0.010589624994966258
0.010788853210407874
0.011056492178972853
0.011325700594732667
0.011596478457687317
0.011868825767836795
0.012142742525181114
0.012348720898983685
0.01242312739712586
0.012430966291221653
0.01243880644839049
0.012513350937262337
0.012720907540564477
0.012999677340298499
0.013280016587227349
0.01356192528135104
0.013845403422669569
0.014130451011182939
0.014344758555692538
0.01442219757909758
0.014430357868073885
0.014438519835684154
0.014516142249851677
0.014732440748281488
0.015023345386327578
0.015316335832010197
0.015611412085329332
0.015908574146285
0.01620782201487718
0.016433091526733477
0.016514517305844363
0.01652309725331601
0.016531678879421655
0.01661328804929501
0.016840655040539727
0.017146352640546984
0.01745413604819077
0.017764005263471085
0.018075960286387922
0.01839000111694129
0.018626348357925582
0.01871181314594723
0.01872082065877144
0.01872983030861439
0.018815528565930828
0.01905446501774276
0.01937612298983358
0.01970043634124348
0.020027405071972475
0.02035702918202057
0.02068930867138776
0.020939665852085176
0.021030206059558833
0.021039747827062225
0.02104929173158433
0.02114006540835278
0.02139309282732756
0.021733583276858762
0.022076729105709056
0.022422530313878447
0.02277098690136694
0.023122098868174533
0.023386574179610455
0.02348226674648923
0.023492353562487377
0.023502443028813408
0.023598425144014293
0.02386615568022004
0.024226854267353496
0.024590846052537203
0.024958131035771144
0.025328709217055316
0.025702580596389756
0.02598447510601637
0.026086462201636615
0.026097211599607546
0.026107963647906365
0.02621024029184872
0.0264954464275867
0.02687950102926089
0.027266848828985314
0.027657489826759994
0.028051424022584915
0.028448651416460087
0.028748080625856542
0.028856470979646144
0.028867897463510622
0.02887932718031591
0.0289880707328891
0.029291506684250648
0.02970055810447074
0.03011362665570722
0.030530712337960137
0.030951815151229453
0.03137693509551517
0.03169764864029095
0.03181371722850655
0.031825951947573775
0.031838189899581794
0.031954611686580994
0.03227936484141477
0.032716906552531386
0.03315846539466441
0.03360404136781384
0.03405363447197971
0.03450724470716198
0.0348493863364068
0.03497328270297864
0.03498634490607323
0.03499941101017686
0.035123733561988106
0.03547073779904922
0.03593874353944122
0.036411596527398796
0.03688929676292197
0.037371844246010706
0.037859238976665065
0.03822709112042231
0.03836025238350299
0.03837428983886167
0.038388331195229386
0.03852191864354947
0.03889464515907591
0.03939702854177704
0.039904259172043766
0.04041633704987607
0.04093326217527399
0.04145502997266016
0.04184879971611872
0.04199142804897081
0.04200646609921449
0.042021508824033854
0.04216464785428055
0.04256425855310936
0.043103412657825906
0.043648375215003594
0.04419914622464238
0.044755725686742326
0.04531811360130339
0.04574270632824614
0.04589643677837214
0.04591264347253939
0.04592885484128233
0.046083095988802926
0.04651352967111594
0.04709387847413838
0.04768003572962197
0.04827200143756671
0.048869775597972585
0.04947334532007479
0.04992908239991845
0.05009418489962999
0.05011159340168885
0.05012900748309305
0.05029471952628044
0.0507574280852746
0.051381894738582345
0.05201329407715518
0.052651626100993124
0.05329689081009614
0.05394908820446428
0.05444161409249002
0.054619967537328756
0.054638770875716794
0.054657579793450164
0.05483654278176473
0.05533604014894099
0.056009674782852306
0.05669024210202872
0.05737774210647027
0.05807217479617692
0.058773532164417004
0.05930333660132978
0.05949529958846033
0.05951554112352612
0.059535789307133186
0.05972847864739493
0.060266590540479135
0.06099299451089131
0.061727659709336524
0.06247058613581473
0.063221773790326
0.06398122267287028
0.06455486592862943
0.0647626192012212
0.06478452287159875
0.06480643319051752
0.0650149128162405
0.06559686352817107
0.06638185776832106
0.06717511323650412
0.06797662993272026
0.0687864078569694
0.06960446262616295
0.07022265724333643
0.0704466754894083
0.07047029797971928
0.070493928398088
0.07071881278447305
0.07134691363372611
0.07219497693921974
0.07305289135201619
0.07392065687211545
0.0747982734995175
0.07568574123422243
0.07635621148242291
0.07659905886573676
0.07662466337049423
0.07665027580330948
0.07689398932693647
0.0775743658072166
0.07849229512195016
0.07942007554398661
0.08035770707332589
0.08130518970996804
0.08226258999021814
0.08298635134009509
0.08324865926772086
0.08327632043501579
0.08330399108926165
0.08356733546627326
0.08430295090953435
0.08529639988273983
0.08630163698537392
0.0873186622174367
0.0883474755789281
0.0893880770698482
0.09017439300222722
0.09045923243824235
0.09048926534326247
0.09051930773523353
0.09080518362063451
0.09160335364639771
0.09268040637441646
0.09376924723186392
0.09486987621874007
0.09598229333504497
0.09710665751942896
0.09795696841144362
0.09826518914607224
0.09829769343753637
0.09833020915825924
0.09863967853940746
0.09950427046882583
0.10067220521835904
0.10185434153623116
0.1030506794224422
0.10426121887699219
0.10548595989988115
0.10641163246684958
0.10674699769103499
0.10678235929718932
0.10681773233260242
0.10715434620330748
0.10809429980767973
0.10936295490004234
0.11064581156074395
0.1119428697897846
0.11325412958716426
0.11457991149128262
0.1155830072525186
0.11594668342267193
0.11598503818879667
0.1160234068718744
0.11638860346914441
0.11740908868062322
0.11878807567917471
0.12018435536165502
0.12159792772806434
0.12302879277840265
0.12447695051266987
0.12557181118283917
0.1259685401163997
0.12601037412077787
0.12605222204210897
0.1264504714027863
0.1275627215231985
0.12906435167018238
0.1305832745010953
0.13211949001593729
0.13367299821470824
0.13524440014329522
0.13643402542162203
0.13686544723435662
0.13691095036302414
0.1369564706928868
0.13738977173618905
0.13860089017659577
0.1402382242791789
0.1418969319417823
0.14357701316440588
0.14527846794704982
0.14700129628971398
0.14830434194841077
0.14877661659957248
0.14882642002702176
0.1488762406556662
0.14935039453739554
0.15067493335817247
0.15246385299281445
0.15427414618747678
0.1561058129421595
0.15795884761858903
0.15983444371593425
0.16125540776597327
0.16177091307423244
0.16182529044038574
0.1618796894540618
0.16239755975418158
0.16384557272214204
0.16580434401378188
0.16779001370541152
0.16980258179703114
0.17184204828864064
0.17390841318023997
0.17547211558342674
0.17603903375822247
0.17609882300506388
0.17615863389942804
0.17672791706608448
0.17831866838719287
0.1804682084730875
0.18264464695897217
0.1848479838448469
0.18707802962086528
0.189337835376257
0.19105116157172283
0.1916729972205469
0.19173859881902997
0.1918042280773981
0.1924290855686607
0.19417697322264627
0.19654305517126064
0.1989435062557569
0.20137832647613482
0.20384751583239458
0.20635107432453614
0.20824678288686108
0.20893431076261082
0.2090068273323493
0.20907937156197268
0.20976992128016098
0.21170019130100584
0.21431002598637094
0.21695422980761805
0.21963280276474706
0.22234570064781828
0.22509869758508302
0.22718720787326277
0.22794547365800544
0.22802547615102975
0.22810551389014916
0.22886763031077115
0.23100018114538048
0.23388860239117984
0.23682081911290442
0.23979683131055432
0.24281663898412945
0.24588024213362983
0.248201156360752
0.24904313162113276
0.2491319456379085
0.24922079490077914
0.25006662079703923
0.2524315755705911
0.25563060302862656
0.2588734259625873
0.26216004437247337
0.2654923740559867
0.26887786524641455
0.2714454085965498
0.2723774298714769
0.27247575978018473
0.2725741320519559
0.2735107814915788
0.2761312581515761
0.2796795188230311
0.2832804182486718
0.28693395642849767
0.2906401333625086
0.29439894905070446
0.2972458238512972
0.29827845740221837
0.2983873780768202
0.2984963411144856
0.29953360283010255
0.30243341094055654
0.3063549961097781
0.3103292200331844
0.3143560827107753
0.3184453864795801
0.32259571994940883
0.32573379243300393
0.3268709461450714
0.32699085765949343
0.32711080938794934
0.3282523564832214
0.33144067703052954
0.3357455228721441
0.34010033716426646
0.34450511990689625
0.34895987110003307
0.3534645907436766
0.35686782451335086
0.35810048655594906
0.358230451578848
0.35836045681578066
0.3595975122415831
0.3630509940749677
0.367710226090388
0.3724194265563133
0.3771785954727433
0.38201204608631495
0.3868765591294265
0.3905207534854822
0.39183428416195903
0.39197257919693845
0.39211087968867747
0.3934250065160272
0.3970760191771738
0.4019614984508907
0.40685375808817437
0.4117527980890239
0.41665861845343977
0.4215712191814216
0.4252513940392753
0.4265778845173467
0.426717543741968
0.42685720842334846
0.42818429505229305
0.4318712882152361
0.436804855173816
0.4417452024959606
0.44669233018166965
0.45162495214992954
0.45649210292209064
0.460089600262346
0.4613761056877226
0.46151124154177786
0.46164632296351676
0.46292688165818774
0.4664563649670092
0.4711143731666008
0.47570474580946776
0.4802274828956091
0.4846825844250253
0.48907005039771595
0.49230863464333285
0.4934658633142424
0.4935873910888811
0.49370886443120165
0.49486014637140596
0.4980307165855884
0.5022090399857105
0.5063218601312017
0.5102736826265751
0.5140259851490872
0.5175787676987387
0.5201065622538531
0.5209896851300732
0.5210818024330987
0.5211737591647464
0.5220393396179214
0.5243664977273123
0.5273023248998905
0.5300386320996078
0.5325754193264645
0.5349126865804602
0.537050433861595
0.5385194608931029
0.5390212267466024
0.5390732012051309
0.5391250150922816
0.5396092385227359
0.5408576235762557
0.542239512173674
0.5433725767639461
0.5442568173470715
0.54489223392305
0.545278826491882
0.5454053457965314
0.5454167927605093
0.5454169463879247
0.5454168997646427
0.5454064693399335
0.5452827722693061
0.544899951596181
0.5442683069159092
0.5433878382284909
0.5422585455339258
0.5408804288322141
0.5396348588112464
0.5391516141742706
0.5390999020301083
0.5390480290692523
0.5385472152085548
0.5370807151507276
0.5349460787052356
0.5326116174675158
0.5300773314375672
0.5273432206153902
0.5244092850009852
0.5220833428437831
0.521218158560679
0.5211262422432397
0.5210341651091073
0.5201514116022812
0.5176245264742815
0.5140726929207869
0.510321034575064
0.5063695514371126
0.502256544315475
0.4980777068119274
0.49490668997516346
0.49375523417484174
0.4936337421312095
0.49351219557902254
0.49235478471906563
0.4891156585911082
0.4847273855920409
0.4802713823065778
0.4757476487347204
0.4711561848764667
0.4664969907318173
0.46296655811039833
0.4616856444919072
0.46155052530952106
0.4614153516185795
0.46012848294045233
0.456529941027842
0.45166131138767185
0.4467271964419756
0.4417787827165976
0.4368371913505378
0.43190242234379134
0.42821455724271024
0.426887162310077
0.4267474653531147
0.42660777388670923
0.42528097879734583
0.4215999742320921
0.4166863013151012
0.4117794507574012
0.40687942255898785
0.401986216719854
0.397099833239995
0.39344817149411504
0.39213381663254315
0.3919954923146404
0.39185717348729393
0.39054341846898877
0.3868986172588968
0.3820333298686767
0.37719915225144246
0.3724392958337017
0.3677294344608226
0.3630695681327992
0.3596156290832699
0.3583784126201534
0.3582483905442894
0.35811840870386197
0.3568855879622077
0.35348192371954373
0.34897665199827393
0.3445213753218375
0.3401160936902289
0.3357608071034429
0.3314555155614738
0.32826687892276085
0.3271252216218291
0.32700525840514216
0.3268853354238918
0.32574807384441873
0.3226097120125324
0.3184590150771967
0.31436936874533916
0.31034217301146977
0.3063676271593772
0.30244573118905954
0.29954569780668444
0.2985083564765185
0.29839938510539005
0.2982904561062802
0.2972577439191823
0.2944106550365221
0.29065156295593514
0.2869451207571147
0.283291328440059
0.27969018600476564
0.2761416934512329
0.27352105056864123
0.2725843427834191
0.2724859644170214
0.2723876284226425
0.27145554978048714
0.2688878513975959
0.2655021627337494
0.262169639526906
0.2588828299203252
0.2556398212027611
0.25244061337421253
0.2500755271829335
0.24922965469373484
0.2491408005492153
0.24905198165514716
0.2482099602777637
0.24588892007629415
0.24282515329462787
0.23980518740197482
0.23682902239833456
0.2338966582837064
0.2310080950580897
0.22887544153070372
0.22811328886357005
0.22803324733189947
0.22795324105068032
0.22719493949536146
0.22510633195778054
0.22235320977903247
0.21964019384815325
0.2169615065048604
0.21431719105773853
0.21170724750678768
0.2097768978351034
0.209086319806062
0.20901377260801132
0.20894125307206723
0.20825369712815744
0.20635791169072792
0.2038542528683607
0.20138496594216365
0.19895005091213652
0.19654950777827976
0.19418333654059244
0.1924353838834417
0.19181050335726546
0.19174487168583207
0.19167926767650556
0.1910574092354607
0.18934402081256385
0.18708413430345747
0.18485400393605803
0.18265058284104113
0.18047406136770605
0.1783244395160524
0.17673362781462884
0.17616432306715654
0.17610450990628926
0.17604471839392835
0.1754777787457314
0.17391401719075764
0.1718475743111125
0.16980803105314898
0.16779538741686734
0.16580964340226725
0.16385079900934899
0.16240273214407153
0.16188484259824412
0.16183044156386592
0.16177606217799367
0.16126053773144194
0.1598395210126142
0.1579638555917047
0.15611075687189122
0.15427902791509135
0.15246867434621075
0.15067969616524945
0.14935511473404878
0.14888094575516903
0.14883112354507394
0.14878131853764512
0.14830902895004752
0.1470059425190548
0.14528306128229804
0.14358155543346077
0.14190142497254302
0.1402426698995449
0.13860529021446644
0.13739413886351892
0.136960826216863
0.13691530467331786
0.13686980033243887
0.13643836707706533
0.13524871072632597
0.13367726878049968
0.13212372102160286
0.1305874664951708
0.1290685052012037
0.12756683713970146
0.12645455900938665
0.12605629963506132
0.1260144506619796
0.12597261560629236
0.12557587670731274
0.12448098857884647
0.12303279462624332
0.12160189390610542
0.12018828641843274
0.1187919721632254
0.11741295114048349
0.11639244082995064
0.11602723526748988
0.1159888656430255
0.11595050993595561
0.11558682484884066
0.11458370454015673
0.11325789020007636
0.11194659764576934
0.11064950636302179
0.10936661635183366
0.10809792761220507
0.10715794863793747
0.10682132558856003
0.10678595158571695
0.10675058901189384
0.1064152145829422
0.1054895163476384
0.10426474075978301
0.10305416644348743
0.10185779339875173
0.10067562162557593
0.09950765112396016
0.09864303224976624
0.09833355312269026
0.09830103637482629
0.09826853105598227
0.09796030054933218
0.09710996241410248
0.09598556138913551
0.09487310749906532
0.09377244242781511
0.092683566175385
0.09160647874177491
0.09080828319923927
0.09052239821750666
0.09049235487093979
0.09046232101187866
0.09017747254014548
0.08939113178424324
0.08835049771946724
0.08732165247351158
0.08630459604637626
0.08529932843806139
0.08430584964856701
0.08357021234684159
0.08330686019118291
0.08327918872104488
0.08325152673841259
0.08298921109275331
0.0822654285776617
0.08130800087716362
0.08036049164460368
0.0794228340019932
0.07849502794933226
0.07757707348662086
0.07689667850561406
0.07665295838440883
0.07662734525915092
0.0766017400623392
0.07635888612388297
0.07568839786030342
0.07480090647006059
0.07392326666976755
0.07305547845942437
0.07219754183903103
0.07134945680858769
0.07072134001981
0.0704964499583651
0.07047281894466088
0.0704491958594029
0.07022517198070699
0.06960696190935695
0.0687888871399617
0.0679790892193492
0.06717755221639263
0.066384276131092
0.0655992609634474
0.0650172943900039
0.06480880900856394
0.06478689808246882
0.0647649938046652
0.06455723474906709
0.06398357531968127
0.06322410454989526
0.062472894697765485
0.06172994576329192
0.060995257746474664
0.06026883064731374
0.059730701245679176
0.05953800555645476
0.05951775670322447
0.059497514498285616
0.05930554513490315
0.05877572287732656
0.05807434052399753
0.05737988236535145
0.05669235678561889
0.056011763784799905
0.055338103362894575
0.054838586630888565
0.054659616652979054
0.054640806999049524
0.05462200292437971
0.054443642480595314
0.05395109712079328
0.05329887360957142
0.0526535826772633
0.052015224323869014
0.05138379854938859
0.05075930535382206
0.05029657686563713
0.05013085762957792
0.05011344279057998
0.05009603353084178
0.049930923828907695
0.04947516671292704
0.04887157056955159
0.04827377037934289
0.04768177898341014
0.047095596381753445
0.0465152225743728
0.046084770406684177
0.04593052264780084
0.04591431058456921
0.04589810319618835
0.04574436616475305
0.045319755296162424
0.044757343434203026
0.04420074036651984
0.04364994609311288
0.0431049606139822
0.04256578392912782
0.04216615655879056
0.04202301157051723
0.04200796821998139
0.041992929544296315
0.041850295283471076
0.041456509212232026
0.04093472013826523
0.04041777408891084
0.03990567562975265
0.03939842476079067
0.038896021482024964
0.03852328030381936
0.03838968762114383
0.03837564571523897
0.03836160771061893
0.03822844124330799
0.037860574781419576
0.03737316121418292
0.03689059523714263
0.03641287685029877
0.03594000605365133
0.03547198284720037
0.03512496576565593
0.03500063863438445
0.03498757204968003
0.03497450936626042
0.03485060845035353
0.03450845431174134
0.034054827478150064
0.0336052179773261
0.03315962580926954
0.03271805097398037
0.0322804934714586
0.03195572863302219
0.03183930266537949
0.031827064274156144
0.03181482911603599
0.03169875636491547
0.03137803133941708
0.03095289622758056
0.03053177844851155
0.0301146780022101
0.029701594888676214
0.02929252910790993
0.028989082543553105
0.028880335195958028
0.028868905080529184
0.028857478198203508
0.028749084067130636
0.02844964444100836
0.02805240337313906
0.027658455863794753
0.027267801912975436
0.02688044152068116
0.026496374686911937
0.026211159634554042
0.026108879828374038
0.02609812744873116
0.02608737771970627
0.025985387493542456
0.025703484429787912
0.025329601933018274
0.024959012994773763
0.024591717615054423
0.024227715793860263
0.023867007531191295
0.023599269991252475
0.02350328540281586
0.02349319567767228
0.023483108603146695
0.02338741359472628
0.023122931823366052
0.0227718114920871
0.022423346347975413
0.02207753639103103
0.02173438162125393
0.021393882038644157
0.02114084766037983
0.021050071450595963
0.021040527278628783
0.021030985243525688
0.020940442486142023
0.020690078152928067
0.02035778893631097
0.02002815490686126
0.01970117606457896
0.01937685240946408
0.019055183941516646
0.018816239510747974
0.018730538353142645
0.018721528397194268
0.018712520578109966
0.018627052872904858
0.018390697070691565
0.018076644367410806
0.017764677411242633
0.017454796202187064
0.017147000740244122
0.01684129102541381
0.016613914929947248
0.016532302472527804
0.01652372050010896
0.016515140206275387
0.01643371113429696
0.01620843245735628
0.015909172286789237
0.015611997863334877
0.015316909186993228
0.015023906257764294
0.014732989075648089
0.014516681151822274
0.014439055334425101
0.014430893008324397
0.014422732360808963
0.014345289928852822
0.01413097315702726
0.013845913488578422
0.013562423452389618
0.013280503048460847
0.013000152276792134
0.012721371137383471
0.012513806170470348
0.01243925869449306
0.012431418223673994
0.012423579016076915
0.012349169547100813
0.012143182995788088
0.011869255471027624
0.01159689757852726
0.011326109318287005
0.011056890690306876
0.010789241694586876
0.010590006097596872
0.010518458773819392
0.010510934108495046
0.010503410706392682
0.010432001389616393
0.01023421096295506
0.00997081981676394
0.009708522078880965
0.009447317749306138
0.009187206828039472
0.008928189315080968
0.008735100558858495
0.008665701953211489
0.00865840145663032
0.008651101840011563
0.00858179937025927
0.008389810140833698
0.008134173663494818
0.007879630594464136
0.007626180933741657
0.007373824681327385
0.00712256183722133
0.006935275333225365
0.006867966638332942
0.006860886132357512
0.006853806506344507
0.006786592054856454
0.006600245116830876
0.0063517576598851695
0.006103915314815922
0.005856718081623137
0.00561016596030682
0.005364258950866978
0.00518068662503671
0.0051146542585775775
0.005107706208848551
0.0051007586782981385
0.00503478303210258
0.004851859428062592
0.004607947232652154
0.004364680149118203
0.004122058177460748
0.0038800813176797892
0.003638749569775333
0.0034586005779307836
0.003393801260679783
0.0033869830056042424
0.003380165269707317
0.0033154140753734107
0.0031357278848662407
0.0028957647063382213
0.002656014472353774
0.0024164771829127737
0.0021771528380151632
0.0019380414376611406
0.0017592711170189511
0.0016949091149048522
0.0016881350670343524
