1079
0.0016930160716405825
0.0016998097532752185
0.0017643583197623095
0.001943647015730947
0.0021834521708184633
0.002423471357030009
0.0026637045743655823
0.002904151822825183
0.0031448131024088147
0.0033250223416019186
0.0033899620721840307
0.0033967996595907967
0.0034036377684204724
0.003468625808270091
0.003649299815425566
0.003891335680183188
0.004134019445496961
0.004377351111366877
0.004621330677792943
0.004865958144775155
0.005049418758176788
0.005115588211987548
0.005122556155122121
0.00512952461967961
0.00519575103894342
0.005379863178419878
0.005626494082582787
0.005873772887301842
0.006121699592577036
0.006370274198408371
0.006619496704795847
0.006806395450518437
0.006873809088050357
0.006880909701154264
0.006888011198112599
0.006955519501456148
0.00714336202285836
0.007395372207535354
0.007648480636574863
0.007902687309976883
0.008157992227741415
0.008414395389868465
0.008606961436465015
0.00867647233296936
0.008683793909679226
0.00869111637024352
0.008760723827843668
0.008954394264353014
0.00921419341614001
0.009475090812289519
0.009737086452801526
0.010000180337676037
0.010264372466913045
0.010462765330690725
0.010534392237932864
0.010541938574274887
0.010549486179549391
0.01062125171766422
0.01082109584820826
0.011089564347096988
0.011359609573891895
0.011631231528592976
0.011904430211200226
0.012179205621713655
0.012385831224800295
0.01246047184666618
0.012468335416126493
0.012476200254519279
0.012550979507257858
0.012759190661296766
0.01303884162760516
0.01332006932181971
0.01360287374394043
0.013887254893967308
0.014173212771900345
0.01438820623642506
0.014465893550789368
0.014474080018200039
0.014482268172348274
0.01456013976279356
0.01477713388708445
0.01506897702579994
0.015362916041383845
0.015658950933836152
0.015957081703156854
0.016257308349345946
0.016483316794611323
0.016565010110736064
0.016573618262542555
0.016582228101086637
0.016664105693292363
0.01689222174352339
0.017198929257192044
0.01750773264772909
0.017818631915134518
0.018131627059408326
0.018446718080550508
0.018683857577083796
0.01876960928930057
0.01877864706027168
0.01878768697885198
0.0188736733173736
0.019113414583957312
0.019436159688020933
0.019761573330738358
0.02008965551210955
0.020420406232134532
0.020753825490813286
0.021005044084295682
0.021095896368357115
0.02110547104162765
0.0211150478625074
0.021206134772873673
0.02146003683760505
0.021801707747723827
0.022146047196496384
0.02249305518392269
0.022842731710002766
0.023195076774736586
0.023460483484156882
0.0235565137405286
0.023566636174758068
0.023576761273023772
0.023673082575356094
0.023941761287597563
0.0243037419944703
0.02466903293288894
0.02503763410285351
0.025409545504363983
0.025784767137420367
0.026067683083778326
0.02617004042624958
0.02618082886954215
0.026191619976870972
0.026294268365302808
0.02658051306658374
0.02696597059293098
0.027354738350824106
0.02774681634026312
0.028142204561248028
0.0285409030137788
0.028841444282753297
0.028950238053596554
0.0289617070935161
0.028973179383729234
0.02908232824914658
0.02938689768658121
0.029797482850432103
0.030212106707204856
0.03063076925689946
0.031053470499515918
0.031480210435054216
0.031802150203190924
0.03191866342129691
0.031930945034612544
0.031943229898221764
0.03206009821090182
0.03238609927165795
0.03282532764772048
0.033268594716704854
0.03371590047861103
0.034167244933439034
0.03462262808118886
0.034966110981258014
0.03509049409985611
0.03510360765306548
0.03511672512881902
0.03524153678536835
0.03558990911993535
0.036059766703086686
0.03653449829253591
0.037014103888282995
0.03749858349032794
0.037987937098670745
0.03835727242866139
0.03849097158967784
0.03850506577893123
0.03851916389072879
0.038653291589696485
0.03902752819992497
0.03953195320362853
0.04004125221362996
0.04055542522992921
0.041074472252526306
0.041598388744238
0.041993785993378545
0.04213700494494796
0.042152105301392115
0.04216721035828038
0.042310942833368906
0.0427122133608708
0.04325361391154764
0.04380085505781033
0.044353936799658884
0.044912859137093294
0.045477622070113556
0.04590401287261195
0.0460583953789453
0.04607467084641724
0.04609095101433328
0.04624584704418579
0.04667811112504547
0.04726093433945167
0.047849598149443694
0.04844410255502152
0.049044447556185145
0.049650620380727484
0.05010832822662538
0.050274145615705534
0.050291629524552385
0.05030911904232084
0.05047554920608615
0.050940265487167145
0.05156744757077769
0.0522015990900383
0.052842720044948874
0.05349081043550952
0.05414587026172014
0.05464056193444153
0.05481970051233012
0.05483858665157787
0.05485747839974721
0.05503722975232099
0.05553892986022541
0.05621554056546725
0.05689912070635906
0.057589670282900865
0.05828718929509263
0.05899167134687525
0.05952384169090977
0.05971666217893595
0.05973699414133565
0.05975733278353024
0.059950883039149784
0.060491399891289606
0.06122105201825022
0.06195900420786721
0.06270525646014044
0.06345980877506999
0.06422266115265582
0.0647988763943433
0.0650075613952682
0.06502956330639406
0.06505157189731484
0.06526098666583306
0.0658455484156258
0.06663406623518416
0.06743088411739881
0.06823600206226968
0.06904942006979678
0.06987115718842221
0.0704921335507971
0.07071715820821113
0.07074088677383333
0.07076462329366094
0.0709905169480199
0.07162143221438314
0.07247328536837175
0.07333502211976399
0.07420664246855982
0.07508814641475922
0.07597953395836228
0.07665295836289203
0.07689687425823863
0.07692259137522212
0.07694831644641104
0.07719310133870252
0.0778764646472206
0.07879841423669569
0.07973024742357437
0.08067196420785656
0.08162356458954233
0.08258512405906719
0.08331201391033106
0.08357544999445832
0.08360322995521059
0.0836310194105597
0.08389549277939524
0.08463424627780466
0.08563189754400813
0.08664134644023817
0.08766259296649481
0.08869563712277809
0.08974047890908801
0.0905299737584811
0.09081595951018104
0.09084611312015142
0.09087627622471871
0.09116329926112693
0.0919646577576655
0.09304598015880938
0.09413910018997981
0.09524401785117685
0.0963607331424004
0.09748941956835332
0.09834294758164715
0.09865232069459486
0.09868494609201126
0.09871758288115715
0.0990282005405516
0.09989596269783915
0.10106809367231699
0.10225437958266946
0.10345482042889656
0.10466941621099825
0.10589816692897455
0.10682680915859415
0.10716323762908095
0.1071987109588699
0.10723419568038833
0.10757186869732195
0.10851474507093524
0.10978726566154509
0.11107394118802952
0.11237477165038856
0.11368975704862211
0.11501923877308676
0.11602501111347407
0.11638962892698573
0.11642808212234572
0.11646654910301724
0.11683267296180513
0.1178556702642494
0.11923787167327156
0.12063720219335694
0.12205366182450543
0.12348725056671717
0.12493796841999208
0.12603463765777723
0.1264319955859914
0.1264738951092148
0.1265158084177497
0.12691467239124019
0.1280285665910822
0.12953225105729002
0.131053064634561
0.1325910073228952
0.13414607912229248
0.1357188881925758
0.13690933271077915
0.13734099855489165
0.13738652579827837
0.13743206994328017
0.13786558228885873
0.13907714563940282
0.140714748975345
0.14237335362458442
0.14405295958712114
0.14575356686295515
0.14747517545208652
0.14877706499583493
0.1492488721761628
0.14929862482336156
0.14934839437217565
0.1498220480539694
0.15114505643005877
0.15293160525037883
0.15473915538399632
0.156567706830911
0.15841725425575653
0.16028891733435824
0.16170648835574153
0.16222067712256552
0.16227491299682278
0.1623291699645861
0.1628456631969576
0.16428959088386685
0.16624230048649025
0.1682212200888548
0.17022634969096034
0.17225768929280702
0.1743152388943948
0.1758718952219841
0.176436181065925
0.17649569031672083
0.17655522066102283
0.17712181097051105
0.1787048239636266
0.18084342008923668
0.1830082262145879
0.18519924233968046
0.18741626500643
0.18966207178510736
0.1913642533639201
0.19198193430649485
0.19204709423788027
0.19211228100446517
0.19273289369260876
0.19446860627276374
0.19681752059754098
0.1991997793351626
0.20161538248562857
0.20406433004893915
0.2065466220250941
0.20842574820201984
0.209107162743915
0.20917903147522876
0.20925092704174228
0.20993527332920614
0.2118479305074745
0.21443333002973078
0.2170520739648318
0.21970416231277776
0.2223893977945131
0.22511324113617212
0.22717927406783142
0.2279293045440064
0.22800843587389688
0.22808760163301622
0.2288413935024355
0.2309504462934124
0.2338065753393529
0.23670548485388015
0.23964717483699421
0.2426316452886953
0.2456588962089836
0.2479519468679158
0.24878374676244516
0.24887148539953094
0.24895925846584543
0.24979481975361903
0.25213089027187013
0.25529042689644316
0.25849274398960403
0.2617378415513529
0.2650271977830188
0.2683686975071916
0.2709033871583396
0.27182358785325217
0.2719206738902708
0.27201780236652284
0.272942639547682
0.275530357684049
0.2790349195526693
0.2825922148212148
0.286202243489686
0.2898650055580829
0.2935805010264062
0.2963950243726472
0.29741601824683517
0.29752371409219874
0.29763145237679556
0.2986570827372304
0.301524634568693
0.30540319218147155
0.30933448319417794
0.3133185076068123
0.31736513692272345
0.32147478933677454
0.3245840922195128
0.32571123339746144
0.3258301017432437
0.32594901235683527
0.32708077129293667
0.33024288846368
0.33451494436755375
0.3388395206660736
0.34321661735924036
0.347646234447055
0.35212837192951824
0.35551637817905074
0.35674390540380757
0.3568733407018856
0.3570028182677726
0.3582349632506829
0.36167578378822657
0.36632032476053034
0.371017386127486
0.3757669678890946
0.38059395137052193
0.38545603812963936
0.3891009982702777
0.3904153460108302
0.390553743727363
0.39069215007680763
0.39200744096303414
0.395663188062534
0.4005584446291004
0.4054644281288111
0.4103811385616667
0.41530857592766846
0.42024674022681635
0.42394862363322683
0.4252834745405984
0.4254240304852169
0.425564595062747
0.4269003891157929
0.4306130594810697
0.435584393587683
0.4405664546274458
0.4455592426003587
0.45054724416512154
0.4554747060788903
0.45911901473474215
0.46042273440390635
0.46055969316822537
0.46069659957348297
0.46199459901529427
0.46557348420701783
0.47029976952081604
0.4749609954295781
0.4795571619333042
0.48408826903199337
0.48855431672564675
0.49185338282673213
0.49303274972735517
0.4931566187265641
0.49328043536671207
0.4944540820399821
0.4976877246769387
0.5019525957706229
0.5061529416038675
0.5101890963281995
0.5140230105259601
0.5176546841971493
0.520239727877489
0.5211430981922787
0.5212373353099082
0.5213314096666896
0.5222169983588023
0.5245986698160469
0.5276049756178375
0.5304090408930567
0.5330108656417043
0.5354104498637803
0.5376077935592849
0.5391196328961158
0.539636446196182
0.5396899931017353
0.5397433772464404
0.5402424089238295
0.5415300598445788
0.5429556638934212
0.5441246130799561
0.5450369074041836
0.5456925468661038
0.5460915314657165
0.546222201166376
0.546234069128502
0.5462342339850558
0.5462341922887303
0.5462234943487732
0.5460960729991353
0.5457014297975705
0.5450501317336983
0.5441421788075188
0.5429775710190319
0.5415563083682378
0.5402718474313529
0.5397739168027643
0.5397206470124603
0.5396672141669325
0.5391514697551185
0.5376424587200043
0.5354485752962024
0.5330520855655911
0.5304529895281709
0.5276512871839409
0.5246469785329022
0.5222665621645012
0.5213813753788401
0.5212873417825287
0.521193145130993
0.5202901445621069
0.517705988143542
0.5140751805579721
0.5102417666655928
0.5062057464664046
0.5020049205761842
0.4977392030978498
0.49450486301747215
0.49333095167992336
0.49320710676592516
0.49308320941392286
0.49190356922446576
0.48860370703907735
0.4841365096408906
0.47960415474568624
0.47500664235346624
0.47034397246422915
0.46561614507797555
0.46203604191046677
0.4607375903140461
0.46060063589911404
0.4604636290461776
0.45915944859784913
0.45551382332532997
0.4505845160192232
0.4455946713075513
0.440600312092449
0.43561674332200523
0.43064396499621943
0.4269302555660026
0.4255940959626311
0.42545349317446385
0.42531289907032105
0.42397768819675424
0.420274829592311
0.4153354174641879
0.4104067957807205
0.4054889645419078
0.4005819237477491
0.39568567339824406
0.392029224262332
0.390713689219941
0.39057525743819344
0.39043683434047033
0.38912224802788403
0.3854766497177405
0.38061376556588117
0.37578605418127103
0.3710357944985377
0.3663380860890717
0.3616929289528719
0.358251667580598
0.35701936804833795
0.3568898743445646
0.3567604229334514
0.3555327438742897
0.3521443278414315
0.3476616696778798
0.34323156278759104
0.33885400717056424
0.33452900282679904
0.3302565497562942
0.32709415561047617
0.32596230114556435
0.3258433806067751
0.3257245023606459
0.3245972683688318
0.32148771956242367
0.31737776546454893
0.3133308518184954
0.3093465451848521
0.30541498170847914
0.30153616138937595
0.2986684193756072
0.29764272185162
0.29753497653840166
0.2974272736722692
0.2964062134924253
0.2935915097758201
0.28987578177281137
0.28621279692707124
0.28260255523859895
0.2790450567073942
0.27554030133345686
0.2729524447928423
0.27202755909804793
0.2719304255563235
0.27183333446168506
0.27091308611103343
0.26837826786758007
0.26503660480972935
0.26174708823183856
0.25850183136731963
0.25529935883381155
0.2521396706313142
0.24980348922453602
0.24896788852556753
0.24888011132702537
0.24879236856082051
0.2479605295946927
0.24566737193126958
0.24263998137643575
0.23965537515261198
0.23671355325979823
0.23381451569799433
0.23095826246720016
0.22884911928392945
0.2280952953858451
0.22801612627160656
0.2279369915897053
0.22718692942446156
0.22512080998454495
0.2223968544014109
0.2197115120369953
0.21705931990009683
0.2144404746103093
0.21185497616763307
0.20994224656653596
0.2092578745269619
0.20918597625998514
0.2091141048301673
0.20843266475019012
0.20655346859832371
0.20407108522898257
0.20162204870675202
0.19920635903163192
0.1968240162036226
0.19447502022272367
0.1927392481373533
0.19211861434988947
0.19205342537260836
0.19198826323248644
0.1913705614046193
0.1896683227684793
0.18742244186091428
0.18520534175708536
0.18301424843629133
0.1808493660790753
0.17871069468543677
0.17712762600513682
0.17656101576988695
0.17650148333220864
0.1764419719888124
0.1758776663038532
0.17432095525830968
0.17226333336906732
0.1702319224434025
0.16822672248131557
0.16624773348280597
0.164294955447874
0.1628509771884502
0.16233446587256795
0.16228020700534945
0.1622259692324128
0.16171176246682142
0.1602941418421536
0.15842241331161724
0.15657280462952294
0.1547441935532924
0.15293658540795377
0.15114998019350695
0.1498269306797761
0.1493532624024713
0.14930349132412224
0.14925373714869025
0.14878191551507527
0.14747998646033153
0.1457583264789971
0.14405766942855444
0.14237801530900357
0.14071936412034458
0.13908171586257734
0.13787011995827697
0.1374365961090134
0.13739105075993185
0.1373455223137674
0.13691384510819377
0.13572336966288037
0.13415052090676088
0.13259541207453396
0.13105743266263276
0.12953658267105733
0.12803286209980783
0.1269189410874692
0.12652006749880965
0.12647815317945832
0.12643625264566732
0.12603888512947545
0.12494218939018692
0.12349143638817177
0.12205781280648245
0.12064131864511891
0.11924195390408118
0.11785971858336927
0.11683669610955355
0.11647056322671262
0.11643209529744745
0.1163936411537427
0.11602901434336944
0.1150232171426038
0.11369370137649903
0.1123786782086976
0.1110778093948546
0.10979109493497
0.10851853482904388
0.10757562850841222
0.10723794462507037
0.10720245875726075
0.10716698428071232
0.10683054489265331
0.10590187213084296
0.10467308009814993
0.10345844241941535
0.10225795909463924
0.10107163012382156
0.09989945550696235
0.09903166031467515
0.09872103067661371
0.09868839262409684
0.09865576596284106
0.09834638082006254
0.09749281918659664
0.09636408850254331
0.09524733160019823
0.0941423733770636
0.09304921383313941
0.09196785296842573
0.0911664663786108
0.09087943336718353
0.09084926921704717
0.09081911456235203
0.0905331189278807
0.08974359704026613
0.08869872003467139
0.08766564170828714
0.08664436206111338
0.08563488109315015
0.08463719880439743
0.08389842278028392
0.08363394144181067
0.08360615115198526
0.08357837035760109
0.08331492639608372
0.08258801507417063
0.0816264275098451
0.08067479937334285
0.07973305539039885
0.07880119556101306
0.07787921988518554
0.0771958374219003
0.07695104570653305
0.07692531991947543
0.07689960208707083
0.07665567941754733
0.07598223641751722
0.07509082450730256
0.07420929675064612
0.07333765314754805
0.07247589369800822
0.07162401840202672
0.07099308693217243
0.07076718751775657
0.07074345039395698
0.07071972122481046
0.07049469085623834
0.06987369884963927
0.06905194167109062
0.06823850362304738
0.06743336521961482
0.06663652646079292
0.06584798734658161
0.06526340939013912
0.06505398872682346
0.06503197951363138
0.06500997697989774
0.06480128604741953
0.06422505417869734
0.06346217921377861
0.06270760389347052
0.061961328217773115
0.06122335218668641
0.06049367580021039
0.05995314052303085
0.05975958357357291
0.059739244224997434
0.05971891155588044
0.05952608433725995
0.05899389514780076
0.05828938631188399
0.057591839989202344
0.056901263115688896
0.05621765569134368
0.055541017716166756
0.05503929721300337
0.05485953851612389
0.05484064599492685
0.054821759082662284
0.05464261316165653
0.05414790110727009
0.053492814052925476
0.052844696447749126
0.05220354829174108
0.051569369584901305
0.050942160327229834
0.05047742372262554
0.050310986240392916
0.0502934959523166
0.05027601127317275
0.0501101865668139
0.04965245841098659
0.04904625953209499
0.04844588889566448
0.04785135908665441
0.047262670105064825
0.04667982195089572
0.04624753936106134
0.04609263669626319
0.04607635583091135
0.04606007966619017
0.045905690545294794
0.04547928146695368
0.04491449431104935
0.04435554798256555
0.04380244248150226
0.043255177807859486
0.04271375396163723
0.042312466155408485
0.04216872748849673
0.04215362178081715
0.04213852077376823
0.041995295650759254
0.04159988135602382
0.04107594155648268
0.040556871587166914
0.04004267601801701
0.039533354849032976
0.03902890808021475
0.03865465544234452
0.0385205220244028
0.03850642331227214
0.03849232852300259
0.03835862367764224
0.037989272716081844
0.03749989856054251
0.03701539880516904
0.03653577344996145
0.03606102249491976
0.035591145940043964
0.03524275966792496
0.03511794304523017
0.035104825048388626
0.035091710974408254
0.0349673229242948
0.03462382651385359
0.034168425993536415
0.0337170645596925
0.03326974221232185
0.032826458951424456
0.03238721477700034
0.032061202152880844
0.031944329729169885
0.03193204443448338
0.03191976239040719
0.03180324509587261
0.031481294160126204
0.03105453964316556
0.030631824212678217
0.030213147868664157
0.02979851061112341
0.029387912440055963
0.029083333527667884
0.028974181303443147
0.028962708661334137
0.02895123926983544
0.028842442174787063
0.028541891936735227
0.0281431821574178
0.027747782867895237
0.027355694068167513
0.026966915758234664
0.026581447938096664
0.026295195703628007
0.026192544637237
0.026181753249108895
0.026170964525224858
0.0260686045275005
0.025785681307648883
0.02541045017935886
0.025038529540863694
0.024669919392163415
0.02430461973325801
0.0239426305641475
0.023673945689135605
0.02357762220245415
0.02356749687534809
0.023557374212486125
0.02346134179447131
0.023195929082745776
0.022843575735780476
0.02249389071538989
0.022146874021574014
0.021802525654332876
0.021460845613666422
0.021206936578506065
0.021115847128379207
0.02110627003926018
0.02109669509757967
0.021005840255111007
0.020754614477933808
0.020421185432916895
0.020090424714474694
0.019762332322607233
0.01943690825731451
0.019114152518596536
0.018874403156170665
0.018788413872526374
0.018779373643037098
0.01877033556098634
0.018684580885000253
0.01844743292753472
0.01813233033628647
0.01781932349692794
0.017508412409459165
0.017199597073880125
0.016892877490190836
0.01666475232710464
0.016582871435403813
0.016574261249016408
0.016565652749266004
0.016483956122657635
0.016257938438859098
0.015957699336190602
0.015659555985411855
0.015363508386522864
0.01506955653952364
0.014777700444414175
0.014560696544059707
0.014482821415238559
0.014474632888101642
0.01446644604760173
0.014388755183873043
0.014173751782372419
0.013887780741301647
0.013603386612918583
0.013320569397223203
0.013039329094215521
0.012759665703895539
0.012551445374729967
0.012476662842547547
0.01246879765973088
0.012460933745995386
0.012386289860932239
0.01217965526853447
0.011904868005390649
0.011631657654934534
0.011360024217166129
0.011089967692085428
0.010821488079692448
0.010621635754578642
0.010549867290206344
0.010542319377685475
0.010534772734245784
0.010463142916992754
0.010264742323690283
0.010000539996685093
0.00973743602326176
0.009475430403420264
0.009214523137160625
0.008954714224482834
0.00876103655604524
0.008691426508558387
0.008684103775835911
0.008676781927055755
0.008607268450267616
0.008414695281573329
0.008158282696283391
0.007902968464575309
0.007648752586449083
0.007395635061904713
0.007143615890942204
0.006955766717192288
0.006888256032720906
0.006881154285579007
0.006874053422379428
0.006806637404015721
0.006619731969229889
0.006370500549310796
0.00612191706009709
0.005873981501588766
0.005626693873785824
0.0053800541766882695
0.005195935477819808
0.005129706700066083
0.005122737987373886
0.005115769796128862
0.0050495979864790055
0.00486613084400332
0.00462149467731391
0.004377506441329887
0.004134166136051251
0.003891473761478005
0.0036494293176101505
0.0034687489110518596
0.003403758570338765
0.003396920219440318
0.0033900823899890467
0.003325140353572207
0.0031449247061793037
0.002904254870891644
0.002663799076806361
0.0024235573239231004
0.0021835296122421285
0.001943715941763327
0.001764420880941014
0.0016998700232820415
0.0016930761005140302
