452
0.006405354284532668
0.00641434976214413
0.006524596611695528
0.007023409534168788
0.007817569349769059
0.008616667691775865
0.009421598617331738
0.010234744106676942
0.01105623263388815
0.011579137262123982
0.011695437968468182
0.011704939109230306
0.01171444133762267
0.01183093190342095
0.012358755228018697
0.013201645115921437
0.014053571228604515
0.014917160304935135
0.015792665001581847
0.016680085318544643
0.017246452525590657
0.017372575140811197
0.017382881155550547
0.01739318872365562
0.017519582498279316
0.018092974642673083
0.019011479791705237
0.01994527633807587
0.02089479637588801
0.021860039905141692
0.02284100692583692
0.02346839125985163
0.023608237725013498
0.023619667342740788
0.023631099010242403
0.02377130328913463
0.024408324378509202
0.02543342047699665
0.02647834928279246
0.02754311079589664
0.0286277050163092
0.02973213194403019
0.03043991408050702
0.030598007943516713
0.03061093455806516
0.03062386434138013
0.03078251135219739
0.03150449822915893
0.03266796898313127
0.03385574683904057
0.035067831796886856
0.036304223856670134
0.03756600039361744
0.03837743029511096
0.03855877956755498
0.03857360881314768
0.03858844186603883
0.03877045575002215
0.039599103768865544
0.04093552346840003
0.04230114834639288
0.04369597840284416
0.04512088020463734
0.04657986258662855
0.0475187272720724
0.04772859967116229
0.047745761973763394
0.04776292878381497
0.04797358801472042
0.04893283718303092
0.05048051291753694
0.05206276458434758
0.0536802536795365
0.05533738961076451
0.057034976845256984
0.05812749898258685
0.05837173141693373
0.05839170369469664
0.05841168124584577
0.0586568342156712
0.059773204701935506
0.06157455664965479
0.06341682789908606
0.06530472583460535
0.06723945869075545
0.06922102646753638
0.07049611359764292
0.07078113801156424
0.07080444576012014
0.07082775961425497
0.07111384983329495
0.07241654881862947
0.07451855231388439
0.07667253992630309
0.07888021291806718
0.08114157128917683
0.08345661503963196
0.08494575419032971
0.08527857178659606
0.08530578693589405
0.08533300908382288
0.08566704837858541
0.08718799524237461
0.08964586138972962
0.09216461702510247
0.09474426214849324
0.09738479675990208
0.10008622085932903
0.10182313371351219
0.10221147621185335
0.10224323656013702
0.10227500580198261
0.1026649007827253
0.10444133935456534
0.10731090554490684
0.1102486928281878
0.11325470120440834
0.1163289306735685
0.11947225154991044
0.12149484271902258
0.12194701231212582
0.12198398912920141
0.12202097575964414
0.12247485839863993
0.12454182951522656
0.1278773612391705
0.13128816973464688
0.1347742550016558
0.13833624100894307
0.14197873911923836
0.14432016240864065
0.14484329884151742
0.14488607413593302
0.14492886003857308
0.1454538482696275
0.14784324616742553
0.15169448289925136
0.1556270936263403
0.1596415320031526
0.16374108802620274
0.16792602892565187
0.17061196355576014
0.17121164360302688
0.17126067081979868
0.17130970916766866
0.17191133228726474
0.1746476061688123
0.1790515743059123
0.18354128666442587
0.18811804014873712
0.19278025196339696
0.19752792210840506
0.2005691475154876
0.20124754703918607
0.2013030003991059
0.20135846489969966
0.202038809167292
0.2051304171311037
0.210097575361424
0.21514929129887908
0.2202795526677762
0.22548835946811502
0.230775711699895
0.2341540806919179
0.23490680236065692
0.23496831686406142
0.23502984160694798
0.23578435070527481
0.23920902670609648
0.24469434989964656
0.2502393136299893
0.2558438698901505
0.26150801868012863
0.2672317599999225
0.27087586365884614
0.2716872341294243
0.27175351779940443
0.27181980411605955
0.2726320262893075
0.27630301870327134
0.28213451875418083
0.28798632102680705
0.29385842552114716
0.2997508322371978
0.3056650677822066
0.3093925858787578
0.3102156373135457
0.31028278052111946
0.3103499169868587
0.3111717915501532
0.31486882039052494
0.32068282135786014
0.32644510678917865
0.3321556766844757
0.33781537878517826
0.3433635868173461
0.34678097030610977
0.34752917423503865
0.347590109171213
0.3476510225322065
0.348395460243582
0.3517152721857139
0.35683894418047696
0.36179711640694223
0.3665891433536954
0.3711357766111982
0.37538967910203874
0.377924448673331
0.37847024575478366
0.3785145477986418
0.37855881168100103
0.3790979471957145
0.3814601352948713
0.38496313184192416
0.3881474956577449
0.39092925641291904
0.3933025702729931
0.395267437237967
0.39629754563154745
0.3965037408217956
0.39652022032286754
0.3965366465772442
0.39673354689124074
0.397517491030248
0.39836977021141134
0.3987631779200144
0.3986977141560569
0.39817337891953913
0.39718627887263325
0.3963234458794657
0.39611025932674593
0.39609250364618503
0.39607469472839146
0.3958522149512673
0.3947486220270779
0.3926674129996884
0.3901778296646893
0.3872798720220808
0.3839948952931859
0.38040884851063067
0.3779942435904287
0.37744349637504543
0.3773982846207011
0.3773530347081696
0.376795626504328
0.37420845509353645
0.3698715675522418
0.36524296829631636
0.36040362763993267
0.3553987590750066
0.3502283626015408
0.3468790388414295
0.34612806119910744
0.34606661394189653
0.3460051451058358
0.3452504006055832
0.3418034887085631
0.3362116877394255
0.33053846889422656
0.3248134985807084
0.31903677679887393
0.31320830354872575
0.3095021198028678
0.30867821501068193
0.3086109127809388
0.3085436038046767
0.30771852132329924
0.303982647113868
0.29807593411900396
0.2921894962569694
0.28632333352776607
0.2804774459313951
0.27465183346785826
0.2709847470810638
0.270175205004894
0.2701091713900407
0.2700431455416157
0.2692349591926258
0.2656016267194913
0.25989493294622906
0.254247814205731
0.2486602704979976
0.24313230182302953
0.23766644522894498
0.23425589707873085
0.23350451747761797
0.2334432481948977
0.233381989150302
0.232632396741793
0.22926814946082236
0.2240031578658171
0.21881670128840786
0.21370877972859487
0.20868020987482927
0.20373761996918394
0.20066134707927408
0.1999844000181532
0.1999292128354832
0.19987403679272453
0.19919903434234618
0.19617314055960464
0.1914497513048022
0.18681181452924173
0.1822595328255791
0.1777944247900079
0.17341469914925742
0.17069372836317576
0.17009549554687348
0.17004673395631276
0.16999798349652673
0.16940169369608135
0.16673106069840737
0.16257035592962196
0.15849504215750182
0.15450414511766694
0.15059462158771744
0.14676647156765268
0.14439164814233285
0.14386988889407568
0.14382736658144885
0.14378485487698325
0.14326494741585818
0.1409380983127759
0.1373186856691624
0.13377859885871293
0.1303138594237905
0.1269243972664683
0.12361021238674669
0.1215567178686545
0.12110582102933812
0.12106907813808183
0.12103234506025863
0.12058316127835124
0.11857404700608978
0.11545077518124058
0.11239588140341324
0.1094092100947794
0.10649076125533953
0.10364053488509317
0.10187630631843052
0.10148911656754087
0.10145756816197393
0.1014260286501483
0.10104036215313661
0.09931448014372958
0.09663030759575013
0.09400702644309436
0.09144463668576266
0.08894313832375461
0.08650251117361832
0.08499132007476808
0.08465940748277176
0.08463235894484361
0.08460531740578955
0.08427462655475354
0.08279508714712795
0.08049525114320628
0.07824910238463995
0.0760566408714285
0.07391786660357223
0.07182942027484775
0.0705350930501907
0.07025085770605555
0.07022769527174488
0.07020453894323418
0.06992136944280786
0.06865465507313448
0.06668635133394715
0.06476488421116539
0.0628902537047895
0.06105986910626385
0.059269965723071104
0.058160823599683324
0.05791727217918576
0.05789742536817254
0.05787758383075914
0.05763495298303059
0.056549660174663
0.054863525708157515
0.05321784418358032
0.051610692424860966
0.05003822133718752
0.04850032779822663
0.047547254996728676
0.04733796424172561
0.04732090914538867
0.04730385855671284
0.047095354670309425
0.0461626673046427
0.04471347126456811
0.0432974780792663
0.04191090446099682
0.04055353749658423
0.03922537718602874
0.03840194410824238
0.03822108568639845
0.03820634695822147
0.0381916120375353
0.03801141826080577
0.037205204170201
0.03595102169238831
0.03472149587984649
0.03351627837863822
0.03233536918876368
0.031178768310222642
0.030461119032553226
0.030303433092379057
0.030290581764854954
0.03027773360625506
0.03012060084141026
0.029416668997834333
0.028317837656289816
0.027238840053423537
0.026179676189235685
0.025140346063726053
0.024120849676894814
0.02348695328051719
0.02334736831997489
0.02333598720975227
0.023324608149406463
0.023185381020485524
0.02256079231727331
0.021584254284440312
0.020623440529237144
0.01967835105166363
0.018748985851719906
0.01783423901168933
0.017262958967640483
0.01713703316756518
0.017126763802003796
0.01711649598988959
0.01699084136343896
0.01642658662517511
0.015542513019437387
0.014670355658954944
0.013810114543727922
0.012961007319794115
0.012120446707442197
0.011594094095855136
0.011477929394435062
0.01146845376760749
0.011458979228469186
0.011343004396807304
0.010821570748531233
0.010002412658372038
0.00919159805887486
0.008388592385717429
0.00759085386545717
0.006798054157589002
0.006300100023176065
0.006190043455581362
0.0061810635114378475
