1079
0.001883454544885152
0.001891012470752833
0.0019628223471407935
0.002162280120358011
0.0024290626564716453
0.002696083880308324
0.0029633437918680414
0.0032308423911507934
0.003498579678156573
0.0036990640420960607
0.0037713101561015977
0.003778917048471142
0.00378652452202501
0.0038588245073550064
0.004059827057418047
0.0043290967845561095
0.004599088669543013
0.004869802712378737
0.005141238913063263
0.005413397271596576
0.00561750580691171
0.005691122610627863
0.005698874799078851
0.005706627568714169
0.005780307866817909
0.0059851426010290535
0.006259534015037936
0.00653464758689553
0.006810483316601822
0.007087041204156789
0.007364321249560421
0.007572261969023119
0.007647265538697926
0.007655165600032899
0.007663066646405807
0.007738175715715836
0.007947168233763601
0.008227555138131998
0.00850916601370861
0.008792000860493414
0.009076059678486376
0.009361342467687472
0.009575599259367133
0.009652940178394923
0.009661086499215465
0.009669233805073951
0.009746682339496918
0.009962169951476597
0.010251237502711147
0.010541529025153703
0.010833044518804241
0.01112578398366272
0.011419747419729114
0.011640498140235654
0.011720197539150008
0.011728594372371387
0.011736992619461215
0.011816846483503304
0.012039214930464849
0.012337944438968249
0.01263843076738258
0.012940673915707811
0.013244673883943878
0.013550430672090764
0.013780355163402872
0.013863412499876375
0.01387216280020924
0.013880914514410552
0.01396412631601176
0.014195817458038622
0.014507006682221478
0.014819952726314952
0.015134655590319018
0.01545111527423362
0.015769331778058726
0.01600857987400679
0.01609503178869126
0.016104141852312244
0.016113253794423753
0.016199910934198078
0.016441387236426568
0.01676615890257143
0.01709326471059897
0.017422704660509117
0.017754478752301815
0.018088586985977022
0.01834010238184066
0.01843101571152128
0.018440595397773447
0.018450176962516135
0.018541295517286564
0.01879515811641201
0.019136483980305066
0.01948014398608037
0.01982613813373788
0.020174466423277533
0.02052512885469927
0.02078904110230453
0.020884474427173404
0.020894532590646768
0.020904593144659055
0.02100028763590392
0.021267096730606484
0.02162628165035577
0.021988436964110063
0.02235356267186925
0.02272165877363332
0.02309272526940214
0.023372309964324597
0.02347342081910574
0.02348407661730672
0.02349473480604661
0.023596106827203703
0.023878678537846632
0.024258930081743228
0.024642152019644297
0.025028344351549752
0.02541750707745954
0.02580964019737357
0.026105018745184325
0.026211893496012002
0.026223159023844964
0.02623442751435631
0.02634162593779945
0.026640644261192635
0.02704349801005646
0.02745003307200239
0.027860249447030364
0.028274147135140253
0.028691726136332
0.029006577707483633
0.029120488819516274
0.029132495016949735
0.02914450417706161
0.02925873896170965
0.0295772924458162
0.030006254798097313
0.030438898463459867
0.030875223441903805
0.03131522973342902
0.03175891733803541
0.03209337201536177
0.03221444125748108
0.032227204334483305
0.032239971020295626
0.03236143452491442
0.032700362904312434
0.033157257949152676
0.033618637166047814
0.034084500554997704
0.03455484811600226
0.03502967984906138
0.03538789455525436
0.03551753472127489
0.035531200000793045
0.035544868889121256
0.035674903317641185
0.03603762728839597
0.03652632497192088
0.03701950682749987
0.03751717285513284
0.03801932305481965
0.0385259574265602
0.038908095248606715
0.039046473153159726
0.0390610620550843
0.03907565530114382
0.039214507802439534
0.03960206141122492
0.04012474239569017
0.04065282123933264
0.041186297942152186
0.041725172504148686
0.04226944492532199
0.04268021460940761
0.04282890983445391
0.0428445847701146
0.04286026404991026
0.04300943387169921
0.04342563162027463
0.0439865952939371
0.044552956826775826
0.045124716218790654
0.04570187346998151
0.04628442418544853
0.046724061463010835
0.04688329780090204
0.046900086742484734
0.04691688086917302
0.04707668367985611
0.04752279982794079
0.04812466264230141
0.0487329682744964
0.049347716724525564
0.04996890799238878
0.05059654207808589
0.051070368646001334
0.05124191960980158
0.05126000482779571
0.051278095230895514
0.05145021266748752
0.051930518105924195
0.05257807466378748
0.05323207403948396
0.05389251623301354
0.05455940124437601
0.05523271985389518
0.055741099245050725
0.055925260028940674
0.055944677656857233
0.05596410143377262
0.05614893399578608
0.05666499665707289
0.057361389412636125
0.058065422683572725
0.058777096469882495
0.059496410771565214
0.060223365588620785
0.060772289940888555
0.06097105459702731
0.06099200947465424
0.06101297050128003
0.061212406935542155
0.06176901455793994
0.0625195953657925
0.06327781668901711
0.06404367852761361
0.06481718088158178
0.06559832933498941
0.06618834123621688
0.06640209329539937
0.06642463158940762
0.06644717713622574
0.06666172156489371
0.06726079596546146
0.06806933221451424
0.06888688053321275
0.06971344092155675
0.07054901337954614
0.0713935979071806
0.07203143302392076
0.07226241050670001
0.0722867620031921
0.07231112075249409
0.07254289060475874
0.07318978822083766
0.07406223985744444
0.0749437035636955
0.07583417933959066
0.07673366718512968
0.07764221812213361
0.07832864363395463
0.07857733724747423
0.07860356020451854
0.07862979167240798
0.07887941509575923
0.07957647504156624
0.08051733467839561
0.08146876957224039
0.08243077972310037
0.08340336513097528
0.08438652579586495
0.08512906969283289
0.08539797656356153
0.08542632723189099
0.08545468641106563
0.0857245230916258
0.0864777014225782
0.0874935628822072
0.08851999959885012
0.08955701157250669
0.09060459880317673
0.09166290352318315
0.09246260756797686
0.09275234479119032
0.0927828955797009
0.09281345629838963
0.09310427839356908
0.09391639035115572
0.09501255777909533
0.0961210640740573
0.09724190923604144
0.09837509326504759
0.0995206161610755
0.10038579731822991
0.10069911871461577
0.10073215204767078
0.10076519531090396
0.10107960157925569
0.10195719064920165
0.10314086777233124
0.10433688376248183
0.10554523861965323
0.10676593234384525
0.10799926482256024
0.10893128761290889
0.10926895231559382
0.10930455634780581
0.1093401718808364
0.10967909304795649
0.11062548629088204
0.1119028256384713
0.1131944554720077
0.11450037579149111
0.11582058659692139
0.1171550878882985
0.11816294420147859
0.11852792334840594
0.11856640258527505
0.1186048933229628
0.11897112893432527
0.1199933557000814
0.12137204601183219
0.12276502680952926
0.12417229809317258
0.12559385986276195
0.12703026195710734
0.12811566831214624
0.12850886576794657
0.12855032415185616
0.1285917957125345
0.12898643273031993
0.13008830366378857
0.1315752581570005
0.13307858560892222
0.13459828601955376
0.13613435938889526
0.13768680571694672
0.1388590963908775
0.13928358867243987
0.13932834124853494
0.13937310700139874
0.13979903884494624
0.1409877940973073
0.14259086886505828
0.14421031659151956
0.14584613727669124
0.1474983309205733
0.14916781999479423
0.1504290367678501
0.15088584247875406
0.15093400519274536
0.1509821827452732
0.15144060956630037
0.1527203673226851
0.1544468712037025
0.15619181289385015
0.15795519239312827
0.1597370097015377
0.16153726481907868
0.16289632319282243
0.16338837042814525
0.16344024277628585
0.16349212996296314
0.1639857983084094
0.16536339766548547
0.1672206661502733
0.1690963724441948
0.17099051654725028
0.1729031005205586
0.17483556189653246
0.1762946620679314
0.17682297847926598
0.17687867588049908
0.17693438950028617
0.1774644777886426
0.17894384329664953
0.1809386204116379
0.1829535500936037
0.18498863234254836
0.187043867158473
0.189119254541379
0.19068529580307716
0.19125213128011323
0.19131188331984125
0.1913716515781232
0.19194025893218192
0.19352656553049724
0.195664268652446
0.19782212434138138
0.20000013259730454
0.20219848431088447
0.2044187097572267
0.20609355799199286
0.20669967586730692
0.20676356570796464
0.20682747230272622
0.20743542056389533
0.2091312033133138
0.21141580221550849
0.21372121913898232
0.2160474540837379
0.21839450704977836
0.22076237803710638
0.222547698644751
0.22319360751693393
0.2232616858835779
0.22332978100432574
0.22397752026236553
0.2257837753846825
0.22821601982792467
0.23066908229246594
0.23314296277830918
0.23563841759976473
0.23815590870650094
0.24005200581556946
0.2407375692049598
0.24080981415163558
0.240882074408668
0.24156931045450555
0.2434845380932428
0.2460608554172339
0.24865619681608261
0.2512705622897943
0.25390395183837444
0.2565563654618288
0.2585534152341411
0.2592753407202501
0.25935141325605443
0.25942750110221524
0.26015109924477514
0.26216727954679553
0.2648785193876261
0.26760878330335336
0.2703580712939828
0.2731283215749385
0.2759162421397604
0.2780101574789135
0.27876602424061825
0.2788456403142919
0.27892526613108737
0.2796821973288398
0.2817882868508149
0.28461364292505525
0.28745110543699387
0.29030067438664053
0.29316234977400457
0.2960361315990959
0.29819429064721825
0.2989732973230635
0.29905534917717336
0.29913741077440503
0.29991748188630374
0.30208781511731636
0.3049990324520356
0.307922356224521
0.3108577864347823
0.31380866902485344
0.31676314220030183
0.3189710618890961
0.319765766070458
0.3198494017207814
0.31993303405274304
0.32072737570308685
0.32293114904705994
0.3258728722471821
0.32881047217549114
0.3317439488319995
0.334673302216719
0.33759853232966147
0.3397845715710332
0.34057139464338265
0.340654200703284
0.34073700344482355
0.34152346398616246
0.3437053568827983
0.3466178370206762
0.349526193886826
0.35243042748125974
0.3553308582066115
0.3582049121211247
0.36033436963593185
0.3610969773665143
0.3611771162856241
0.36125722938019184
0.36201701577954953
0.3641142051254957
0.36688903469312995
0.3696317756531753
0.3723424280056336
0.3750209917505063
0.3776674668877952
0.37962664382816086
0.3803279182712678
0.38040160105485404
0.38047525801389825
0.3811737111257818
0.3831006198972979
0.38564787068773976
0.38816303287060416
0.39064610644589226
0.39308223416585736
0.3954549681308211
0.3971898395546111
0.39780623579016156
0.39787085815038326
0.39793543070983467
0.3985463862111795
0.40021903079376936
0.40240041774728486
0.4045199241305845
0.4065775499436677
0.4085732951865353
0.41050715985918645
0.4119136574507857
0.4124117768557833
0.41246394902331573
0.41251607139007723
0.41300875006086984
0.41435302081126857
0.41609553847247177
0.41777083846435176
0.4193608608974184
0.4208656368604902
0.4222851663535674
0.4232915423799613
0.4236423377464543
0.4236789033962717
0.42371540044071104
0.4240587006696581
0.4249793532042884
0.4261352836837647
0.42720596769324654
0.4281914052327333
0.42909159630222543
0.4299065409017231
0.4304605502169632
0.43064840781071845
0.43066782211603705
0.4306871678159777
0.430867530272187
0.4313328196887477
0.4318617832280825
0.432295447402368
0.4326338122116043
0.4328768776557915
0.4330246437349293
0.43307287715271026
0.4330771808777245
0.43307723124829095
0.43307720492302504
0.4330731296283669
0.4330255304053901
0.43287861192309923
0.43263639407575943
0.43229887686337026
0.4318660602859318
0.4313379443434442
0.430873273261628
0.4306931282142057
0.4306738052692023
0.43065441369402135
0.4304667707996921
0.4299133458251089
0.42909915525684744
0.4281996874034865
0.42721494226502643
0.4261449198414666
0.42498962013280756
0.4240694194037372
0.42372627768442817
0.4236897971950157
0.42365324807542554
0.42330260850920975
0.4222966533008363
0.4208776592921535
0.41937338799837115
0.41778383941948966
0.41610896876724723
0.4143668404061659
0.4130228426441648
0.4125302584644675
0.4124781459259396
0.4124259835641278
0.4119279561906006
0.4105217034561505
0.4085881415802678
0.40659267115946046
0.40453529219372963
0.4024160046830743
0.40023480862749455
0.39856228858343945
0.39795137410309744
0.3978868057434494
0.39782218756051724
0.3972058298863451
0.3954710548698409
0.3930984252994602
0.3906623746111738
0.3881793618778233
0.3856642485177919
0.3831170345310795
0.38119014543618984
0.3804916977633103
0.38041804132601076
0.3803443590544956
0.37964308899363597
0.3776839196435391
0.37503744414453544
0.3723588680188494
0.36964819126648135
0.3669054138874313
0.36413053588169986
0.36203330243215337
0.3612734984988289
0.36119338350779795
0.36111324268255185
0.3603506163612467
0.35822110265649193
0.3553469631384653
0.35244643828083944
0.34954210971519356
0.3466336541869459
0.3437210716960879
0.341539099802229
0.3407526103007435
0.3406698044951729
0.3405869953682703
0.339800143011261
0.3376140210611376
0.3346886771822964
0.33175920634081035
0.3288256085366708
0.3258878837698694
0.3229460320403975
0.32074216011335205
0.3199477824482461
0.31986414630966264
0.3197805068497471
0.3189857663291118
0.3167777443457415
0.3138231312281006
0.3108721067930194
0.30793653528000653
0.30501306987379034
0.30210171057436364
0.2999312709050623
0.29915116140981174
0.29906909577082896
0.29898703987470154
0.2982079947864046
0.2960497289671703
0.29317580415394323
0.2903139854474776
0.28746427284776654
0.28462666635480327
0.2818011659685808
0.27969496825203494
0.27893799803833896
0.2788583681132037
0.27877874793092394
0.2780228421241772
0.27592881825764937
0.2731407523574755
0.27037035772234425
0.2676209268952625
0.26489052115013806
0.26217914048696683
0.26016285547652745
0.2594392197571958
0.2593631279598403
0.2592870514736517
0.258565088499315
0.25656793503127884
0.2539153836995126
0.2512818574496835
0.2486673562817874
0.24607188019582033
0.24349542919177844
0.24158010218868317
0.24089283049095045
0.240820566485342
0.24074831779090058
0.24006271883816008
0.23816652337743965
0.23564890170471542
0.23315331766961975
0.2306793092075186
0.2282261199087655
0.22579374977335895
0.22398740135171635
0.22333962864485396
0.22327153000800265
0.22320344812617457
0.2225575059055813
0.22077209314705057
0.2184040999989993
0.21605692601428578
0.21373057119290806
0.21142503553486455
0.20914031904015265
0.2074444490517865
0.20683646952468066
0.20677255964359298
0.20670866651752876
0.20610251747669067
0.2044275831514223
0.20220724364402168
0.20000877903069628
0.19783065908440114
0.1956726929160128
0.1935348805255295
0.1919484929615355
0.19137985661055038
0.19132008530507658
0.1912603302191316
0.1906934658516367
0.18912734484195584
0.18705185193491924
0.18499651280578427
0.18296132745455052
0.18094629588121644
0.1789514180857815
0.17747197803793657
0.1769418630671747
0.17688614664382973
0.17683044644001325
0.1763021034527414
0.17484292995920278
0.17291037164719456
0.17099769210358814
0.1691034536078576
0.16722765409827306
0.16537029357483415
0.16399262612176638
0.16349893341027058
0.163447043663719
0.16339516875665144
0.16290309725876562
0.1615439719726289
0.15974362845599305
0.15796172392550148
0.15619825838115386
0.15445323182295
0.1527266442508895
0.15144682464441897
0.1509883757070525
0.15094019583146207
0.1508920307953554
0.15043520307159888
0.14917392563205703
0.14750435650725183
0.1458520839070385
0.14421618528221786
0.14259666063278975
0.14099350995875412
0.13980469857621117
0.13937874665458627
0.13933397879253623
0.1392892241080732
0.13886471183782323
0.13769236605608207
0.13613984696552944
0.13460370185036918
0.1330839307106012
0.1315805335462255
0.130093510357242
0.12899158868869182
0.12859693353608798
0.12855546007077698
0.12851399978305297
0.12812078428182405
0.1270353282140753
0.1255988605685658
0.12417723416802948
0.12276989910996
0.12137685539435729
0.11999810302122157
0.11897583037965943
0.11860957836177397
0.11857108590070271
0.11853260494113947
0.11816760946299716
0.11715970813532453
0.11582514743109444
0.11450487806933168
0.11319890005003634
0.1119072133732086
0.11062981803884848
0.1096833834653067
0.10934444752879369
0.10930883044470903
0.10927322486213231
0.10893554546536245
0.10800348220571093
0.10677009636547952
0.10554935000084617
0.104340943221727
0.10314487602812215
0.10196114842003184
0.10108352204579764
0.10076910243936517
0.10073605777515918
0.10070302304170967
0.10038968837041526
0.0995244706314865
0.09837889947222202
0.09724566789847261
0.09612477591023842
0.09501622350751963
0.0939200106903163
0.09310786524117916
0.09281703118122728
0.09278646920612453
0.09275591716177824
0.09246616803696447
0.09166643122313384
0.09060808336851649
0.08956045360326702
0.08852339960480621
0.08749692137313403
0.08648101890825081
0.08572781022947291
0.0854579626878534
0.08542960236756326
0.08540125055852851
0.08513233287156156
0.08438975913939555
0.08340655904557687
0.08243393471854768
0.08147188615830821
0.08052041336485859
0.07957951633819896
0.07888242874972384
0.07863279543968277
0.078606562933243
0.0785803389380586
0.07833163548267019
0.07764518284080812
0.07673659594689879
0.07583707242413745
0.07494656131295872
0.07406506261336278
0.07319257632534976
0.07254565300579469
0.07231387394229974
0.07228951422483929
0.07226516176046395
0.0720341750965187
0.07139631462015435
0.07055169649845543
0.06971609078834008
0.06888949748980842
0.06807191660286062
0.0672633481274968
0.06666424983797425
0.06644969685164759
0.06642715040546801
0.06640461121237355
0.06619085062559665
0.06560081517926596
0.06481963553303983
0.06404610230351362
0.06328020991339232
0.06252195836267613
0.06177134765136505
0.06121471786632281
0.061015273493745414
0.06099431163287658
0.06097335592126738
0.0607745833553034
0.0602256371662374
0.05949865344769788
0.05877931056856411
0.058067608528836225
0.05736354732851437
0.05666712696759865
0.056151043863172
0.05596620398219087
0.055946779436226904
0.055927361039522575
0.055743192965154925
0.05523479345670549
0.05456144824251116
0.05389453691190315
0.05323406868147795
0.05258004355123568
0.051932461521176414
0.05145213720842289
0.05128001301222049
0.051261921898775716
0.05124383597066384
0.05107227827207826
0.05059843311377567
0.049970774428963985
0.04934955884433581
0.04873478635989125
0.04812645697563045
0.047524570691553525
0.04707843716746109
0.04691862813684286
0.0469018333566175
0.046885043761725025
0.04672580122872372
0.04628614685908305
0.045703573531535056
0.045126393903718795
0.04455461237024062
0.04398822893110067
0.04342724358629898
0.0430110297765974
0.04286185420200858
0.04284617431764866
0.04283049877761293
0.04268179782044294
0.04227101231170905
0.04172671894656396
0.04118782367575759
0.04065432649928999
0.04012622741716129
0.03960352642937157
0.0392159580073638
0.03907710020275013
0.039062506399440214
0.03904791694045449
0.038909533753259715
0.038527381352768564
0.03802072766339528
0.03751855834308263
0.03702087339183065
0.03652767280963943
0.03603895659650906
0.035676218890253464
0.03554617954136706
0.03553251013593792
0.03551884433947737
0.035389199270411835
0.03503097102682714
0.03455612137334648
0.034085756088927006
0.033619875173568806
0.03315847862727196
0.03270156645003654
0.03236262538056798
0.03224115733213574
0.03222839016885967
0.03221562661455222
0.0320945528459409
0.03176008568064034
0.03131638154818885
0.030876358885295913
0.03044001769196156
0.030007357968185874
0.029578379713968938
0.02925981443394705
0.02914557542199274
0.029133565817562403
0.029121559175936392
0.029007643850355452
0.02869278064064132
0.02827518622137237
0.02786127327166243
0.027451041791511567
0.027044491780919843
0.026641623239887335
0.026342593950936397
0.0262353915992731
0.026224122695926028
0.026212856755383294
0.026105978090093414
0.0258105887268415
0.025418441241327725
0.02502926425357663
0.024643057763588272
0.024259821771362693
0.02387955627689996
0.023596974195929092
0.02349559845371752
0.023484939873726084
0.023474283684357052
0.023373169117644185
0.023093574156732754
0.022722494031239132
0.022354384403508586
0.02198924527354116
0.0216270766413369
0.021267878506895863
0.021001059592466304
0.020905361578487672
0.0208953006540997
0.02088524212033414
0.020789805281854246
0.020525883305259
0.02017520793138808
0.019826866778334878
0.019480859846099447
0.0191371871346818
0.018795848644082024
0.01854197664894094
0.018450854720648946
0.018441272801132256
0.018431692760169593
0.018340776063907677
0.018089251351405666
0.01775513073510815
0.01742334433962865
0.017093892164967206
0.016766774211123874
0.01644199047809868
0.016200505198731698
0.01611384483631099
0.01610473255530705
0.016095622152857165
0.016009167022466544
0.0157699100254581
0.015451681686307436
0.015135210237461911
0.014820495678921543
0.014507538010686367
0.014196337232756429
0.013964637491945148
0.013881422602805442
0.013872670563897502
0.01386391993891466
0.013780859521091968
0.013550926501783932
0.013245158377563966
0.01294114714364935
0.01263889280004012
0.012338395346736312
0.01203965478373795
0.011817278111545846
0.011737421294515432
0.01172902273688216
0.011720625593173982
0.011640923247460612
0.011420164377934139
0.011126190098680527
0.010833439844063453
0.010541913614082944
0.010251611408739005
0.009962533228031666
0.00974703769773817
0.009669586318548362
0.009661438713466475
0.009653292093465538
0.009575948334368527
0.009361683678102587
0.00907639042464048
0.008792321195815052
0.00850947599162634
0.008227854812074359
0.007947457657159134
0.007738457504320112
0.007663345692365119
0.00765544435751848
0.007647544007752783
0.007572537700030041
0.007364589390728459
0.007087299226640476
0.006810731249094639
0.00653488545809095
0.006259761853629432
0.005985360435710094
0.005780518235070067
0.005706835251571542
0.005699082199384327
0.00569132972840453
0.0056177102418164095
0.00541359426892642
0.005141425995208512
0.004869979908032835
0.004599256007399405
0.00432925429330823
0.004059974765759328
0.0038589649015312866
0.00378666228565036
0.0037790545353176283
0.003771447366192314
0.003699198623071742
0.0034987069624849714
0.0032309599316039006
0.0029634515976460977
0.0026961819606114885
0.0024291510205000965
0.002162358777312026
0.001962893747017251
0.001891081257967353
0.0018835230571215644
