1079
0.0016911405651651827
0.0016979269890963957
0.0017624067044972546
0.001941505169138715
0.002181058195900414
0.002420827672797699
0.0026608135998305686
0.002901015976999026
0.003141434804303068
0.003321464216285264
0.0033863394810539323
0.0033931702959034784
0.0034000016380258415
0.0034649256859201234
0.0036454247987998817
0.0038872332724233013
0.004129696915478306
0.004372815727964901
0.004616589709883082
0.0048610188612328515
0.0050443358436344544
0.005110454559917341
0.005117417192971522
0.005124380353298523
0.005190556674136837
0.005374532492163843
0.00562098755750065
0.005868097792269046
0.006115863196469029
0.0063642837701006
0.006613359513163762
0.00680015320071262
0.006867529814795439
0.006874626576516586
0.006881724232682676
0.006949196576702261
0.007136944274058408
0.007388839229868869
0.0076418455894281916
0.00789596335273638
0.008151192519793436
0.008407533090599356
0.008600060911385253
0.008669559844042423
0.008676880217000199
0.008684201484402921
0.0087537981351705
0.008947443578892786
0.009207220830794487
0.009468109486445057
0.009730109545844492
0.009993221008992793
0.010257443875889963
0.010455868276380122
0.010527508418931781
0.010535056235753472
0.01054260533813414
0.01061438592800485
0.010814279713004886
0.011082832633450421
0.011352982941281594
0.011624730636498399
0.011898075719100842
0.01217301818908892
0.01237978230260482
0.012454475647744585
0.012462344854312385
0.01247021534643917
0.012545049138897988
0.012753419578451839
0.013033301487447982
0.01331478078382976
0.013597857467597178
0.013882531538750232
0.014168802997288924
0.014384044087407304
0.01446182345982933
0.014470019746355003
0.01447821774415028
0.014556184072777364
0.014773452826319098
0.015065689650308434
0.015360052833744453
0.015656542376627156
0.01595515827895654
0.016255900540732608
0.016482314720157196
0.016564158357906603
0.01657278246183517
0.016581408277033326
0.016663438870987795
0.01689199130853058
0.017199308695971575
0.017508752442859248
0.0178203225491936
0.018134019014974655
0.018449841840202385
0.01868754837961309
0.018773509351539198
0.018782569337130784
0.018791631506004457
0.018877831001498275
0.019118180936047877
0.01944177826629216
0.019768088460981298
0.020097111520115264
0.02042884744369408
0.02076329623171774
0.021015314137432455
0.021106460404308715
0.021116066210421374
0.021125674199816116
0.021217058990260083
0.02147180494105289
0.021814642444664866
0.022160192812721694
0.022508456045223366
0.022859432142169893
0.023213121103561267
0.023479561365804955
0.0235759714808922
0.023586134167466744
0.02359629956897607
0.023693006290685544
0.023962779128991564
0.02432627741050533
0.02469314916813848
0.025063394401891037
0.025437013111762975
0.02581400529775432
0.026098287383716293
0.026201145468852164
0.026211986889116048
0.02622283102431469
0.02632598571607281
0.026613660155434916
0.027001083799497574
0.02739188091967964
0.02778605151598109
0.02818359558840195
0.02858451313694222
0.028886756111366037
0.028996174347114777
0.02900770949739053
0.02901924796980903
0.029129029149655622
0.02943538808358706
0.029848442935106058
0.03026562575665325
0.030686936548228627
0.03111237530983218
0.03154194204146392
0.03186605528499634
0.03198336360982869
0.031995729295797436
0.03200809830390894
0.032125769572839136
0.032454033885673715
0.03289636512037133
0.03334282432509713
0.033793411499851135
0.034248126644633316
0.0347069697594437
0.03505310084574971
0.03517845457733717
0.03519167082753311
0.03520489110069197
0.03533068434097526
0.03568182937021252
0.03615550170892536
0.03663417283046561
0.0371178427348333
0.037606511422028414
0.03810017889205096
0.0384728235778604
0.038607731846314296
0.03862195383723305
0.03863617985111468
0.038771527628264434
0.03914919906906515
0.03965832376825619
0.040172447250274676
0.04069156951512059
0.04121569056279394
0.04174480528483002
0.042144177525219546
0.04228885207142411
0.04230410638296668
0.04231936553487917
0.04246456889149772
0.0428699892497355
0.04341708799879727
0.04397020121001019
0.04452932888337426
0.04509447101888946
0.04566562761655579
0.04609691604611816
0.04625308647088734
0.04626955087491038
0.046286020119303384
0.04644271935448654
0.04688005590189714
0.04746981041089612
0.048065579382046225
0.04866736281534748
0.04927516071079988
0.049888958258764764
0.05035249945267293
0.05052045093865416
0.050538160505529735
0.05055587587489826
0.05072446128323567
0.05119525278276479
0.05183076459835961
0.05247348637411655
0.053123418110035514
0.053780559806116575
0.05444491146235971
0.05494671284424129
0.05512844525100912
0.05514760544112538
0.055166771433734586
0.05534913776285862
0.055858189450361174
0.05654483573519061
0.05723869198018214
0.05793975818533575
0.05864803435065146
0.05936351019598852
0.05990409086652901
0.06009998599661972
0.06012064300211677
0.060141306953420966
0.060337960912941864
0.06088722047803374
0.061628846105399746
0.06237910233225189
0.06313798915859008
0.06390550658441439
0.06468165460972478
0.06526803419610358
0.06548042561815505
0.06550281907543742
0.06552521947852696
0.06573836973000863
0.06633342821093881
0.0671362637637381
0.0679477299160235
0.06876782666779503
0.0695965540190526
0.0704339282367926
0.07106686992470142
0.07129626633859598
0.071320456998358
0.0713446559759916
0.07157496111735497
0.07221829611575459
0.07308714314586755
0.07396632565127055
0.07485584363196367
0.07575569708794684
0.07666588601922013
0.0773536736727797
0.07760282503164806
0.07762909515930205
0.07765537360482756
0.07790543369116472
0.07860361465521513
0.07954576292852016
0.08049824667711528
0.08146106590100052
0.08243422060017583
0.08341778979828018
0.08416152010101358
0.08443110533895648
0.0844595351484683
0.08448797494198851
0.08475865093284961
0.08551485641008523
0.08653636369167139
0.0875702767277013
0.08861659551817501
0.08967532006309246
0.09074645036245373
0.0915560127206078
0.09184930997851264
0.0918802357901257
0.09191117158574716
0.09220555959657026
0.09302759712922659
0.09413708848488211
0.09525898559498144
0.09639328845952455
0.09753999707851142
0.09869930982970614
0.09957625875034963
0.0998941768997471
0.09992770513498714
0.0999612454020143
0.10028047802415532
0.1011724608508094
0.1023776577703115
0.10359780493730433
0.10483290235178798
0.10608295001376246
0.10734794792322772
0.1083042314402335
0.10865072508405534
0.10868726126607692
0.10872380947988557
0.10907161759645091
0.11004293501946738
0.11135416206301776
0.11268033935405884
0.1140214668925908
0.11537754467861358
0.11674898803077056
0.11778680280837525
0.11816309730373638
0.1182027837928487
0.1182424848614337
0.1186203721641974
0.11967640422086034
0.12110361891494421
0.12254894951518962
0.12401239602159643
0.1254939584341648
0.1269936367528946
0.1281275849292235
0.1285385056724663
0.1285818370297767
0.1286251829665598
0.12903769651720526
0.13018986197259233
0.13174555827065842
0.13331937047488598
0.13491129858527504
0.13652134260182544
0.1381503100591847
0.13938349539274433
0.13983070404371067
0.1398778719320541
0.13992505759058865
0.1403742076349633
0.14162959710031076
0.14332671712294923
0.1450459177190135
0.14678719888850364
0.14855056063141964
0.1503360029477616
0.15168636048072912
0.15217577333622154
0.1522273837724097
0.15227901197878924
0.15277036622768986
0.1541429278924453
0.15599664772661462
0.15787244813420978
0.1597703291152308
0.1616902873895602
0.16363387504555876
0.16510578138063658
0.16563965007236117
0.1656959608730836
0.1657522934064403
0.16628853638846647
0.16778759798972326
0.1698146878600107
0.17186878188675395
0.17394988006995285
0.1760579824096077
0.17819308890571825
0.1798082947984685
0.18039377849674817
0.18045552245605523
0.18051728814799664
0.18110514613657783
0.182747507295507
0.18496611600590632
0.18721172887276133
0.18948434589607216
0.19178393104026337
0.1941135424782955
0.19587809483445218
0.19651817101942284
0.19658568618624522
0.1966532277771246
0.19729619079032001
0.19909376041854554
0.20152489968949816
0.20398887250274844
0.2064856788582964
0.20901531875614202
0.21157779219628525
0.21351657817813494
0.21421941149842624
0.21429353267949292
0.21436768028461647
0.21507340043313264
0.2170452036870511
0.21970920496011442
0.22240603977547543
0.22513570813313397
0.227898604800214
0.23069921355143466
0.23282002509745556
0.23358922863854184
0.2336703610062023
0.2337515245307889
0.23452413196605054
0.23668387457804818
0.2396041960285389
0.24256323190700482
0.2455609822134456
0.24859744694786107
0.2516726261102515
0.25399887863767917
0.2548420798782295
0.25493100147741254
0.2550199542335218
0.2558665593682474
0.2582317429616515
0.26142663482331135
0.2646602411129458
0.26793256183055486
0.27124593022009963
0.27460392770301173
0.2771435744343077
0.27806401168177397
0.2781610748983109
0.27825817146441434
0.2791822521520311
0.2817635696878736
0.2852497045430326
0.28877727831903305
0.2923462910158744
0.29595674263355687
0.29960863317208014
0.302368178608106
0.3033678210762333
0.30347322168441854
0.30357865564217057
0.3045819415504482
0.30738315779102016
0.31116318570178836
0.31498465253339725
0.31884755828584654
0.32275973869116836
0.32671467992488357
0.3296948386454945
0.33077265679877854
0.33088624677809325
0.3309998625549055
0.3320804990848277
0.3350928921820658
0.33914695385182636
0.34323307052498625
0.3473512422015455
0.3515014688815037
0.3556837505648607
0.35883401153679834
0.35997309874743205
0.3600931381012044
0.3602132032524747
0.36135510883974636
0.3645376041883093
0.36881900630770614
0.37313246343050077
0.3774779755566929
0.38186980490667466
0.3862712914642162
0.3895597903117551
0.3907432643042099
0.39086780942778737
0.3909923486301927
0.3921751757345752
0.3954562759848334
0.39983501191818593
0.4042063904249082
0.4085704115049998
0.412927075158461
0.4172763813852902
0.4205258375031109
0.4216952487114012
0.42181831354190835
0.4219413724512438
0.42311013677146225
0.4263521942920006
0.4306787498946357
0.4349979480706393
0.4393097888200111
0.4435998074634763
0.44782152287380345
0.45093346424336606
0.45204452729282574
0.4521611785780811
0.45227777220239324
0.4533825357938263
0.4564224289141098
0.46042259656604256
0.4643511168924412
0.46820798989330337
0.47199321556863083
0.4757067939184232
0.47843853344482107
0.4794126517545623
0.4795148878040577
0.47961706619261024
0.48058488504432495
0.4832445763214427
0.4867366069128422
0.4901522224027575
0.493421720012584
0.49652504225929495
0.4994621891428909
0.5015511570515604
0.5022807920579293
0.5023568936287063
0.5024328614634633
0.5031478858096677
0.5050697484719594
0.5074930481334394
0.5097501724318041
0.5118411213670536
0.5137658949391872
0.5155244931482059
0.5167316391762521
0.5171436511355718
0.5171863187013963
0.5172288525312009
0.5176262538303565
0.5186523508524628
0.5197969464351091
0.5207353510369606
0.5214675646580167
0.5219935872982775
0.5223134189577436
0.5224178694532404
0.5224272141976564
0.522427326669289
0.5224272732007934
0.5224184889861813
0.5223155946984276
0.5219978428995481
0.5214739001198735
0.5207437663594037
0.5198074416181384
0.5186649258960779
0.5176403413901842
0.5172434668036205
0.5172009879289147
0.5171583752251734
0.5167468798164907
0.5155411238903066
0.513784282514518
0.5118611501979116
0.509771726940488
0.5075160127422467
0.5050940076031886
0.5031730379455684
0.502458319399895
0.5023823832663357
0.5023063133037406
0.5015769739359482
0.4994887828074989
0.4965525730571186
0.49345007236592103
0.49018128073390593
0.4867661918923587
0.48327455427725174
0.48061511110772687
0.4796473719914258
0.47954520169937553
0.47944297368986805
0.47846892894137416
0.47573736690732155
0.4720239643925297
0.4682388443299029
0.4643820067194435
0.4604534515611486
0.4564531788550212
0.4534131612024981
0.4523083431254964
0.4521917434691623
0.45207508609537067
0.45096396238617575
0.4478518258691254
0.44362978826331234
0.4393393920211112
0.43502718223893694
0.43070760660418445
0.42638066511685535
0.4231383133561246
0.42196944189811414
0.42184637167551536
0.4217232955249629
0.420553776438046
0.4173040176069369
0.4129542994407173
0.40859721542192184
0.40423276555055
0.3998609498266023
0.39548176825007886
0.3922003290467251
0.3910173786994286
0.39089282648848417
0.3907682683495869
0.3895846703733836
0.3862958240996539
0.3818938658442447
0.3775015662274655
0.3731556006312311
0.36884169601751066
0.36455985238630484
0.36137703059726056
0.36023500824951327
0.3601149308329291
0.35999487921865486
0.3588556757732481
0.3557050943734041
0.3515223896668546
0.34737174594282033
0.3432531632013021
0.33916664144229997
0.3351121806658138
0.33209949285672075
0.33101875099464323
0.33090512415549805
0.3307915231186628
0.32971360015892615
0.32673315273903475
0.32277783088721057
0.3188652779484991
0.3150020085158196
0.31118018515152956
0.3073998078556292
0.3045983348704346
0.30359495746564275
0.3034895139068781
0.3033841037034324
0.3023843703672258
0.29962457537412246
0.29597235755210805
0.29236158579848365
0.28879226011324943
0.28526438049640523
0.28177794694795133
0.2791964105964848
0.2782722520739839
0.27817514734493404
0.27807807597120315
0.27715756151728743
0.2746177031579128
0.271259429083347
0.26794579370128424
0.2646732136168823
0.26143935396714163
0.2582442147520624
0.2558788500107483
0.2550321804521973
0.254943220940012
0.25485429258958664
0.2540110274533377
0.251684599818299
0.24860919187635713
0.24557250436907677
0.24257453729645775
0.23961529065850054
0.23669476445520482
0.23453487257022543
0.233762212192155
0.23368104312002033
0.23359990520964574
0.2328306492538776
0.23070969447517378
0.22790889954501625
0.2251458213349281
0.22241597478965386
0.21971896527844192
0.21705479280129222
0.21508286373159918
0.21437709874441688
0.21430294643418699
0.21422882055082412
0.2135259426988733
0.21158703441255294
0.2090244005655521
0.20649460375261341
0.20399764397373668
0.20153352122892246
0.19910223551817
0.19730455860347645
0.1966615574256781
0.1965940118322252
0.19652649266563982
0.1958863786230727
0.194121722491752
0.19179197541114917
0.18949225722075583
0.187219509414597
0.1849737680822462
0.18275503322370285
0.18111257919296245
0.18052468807072738
0.18046291890082386
0.18040117146542
0.17981565483723502
0.17820035840299317
0.17606513292445122
0.17395691391971696
0.17187570138879057
0.16982149533167196
0.16779429574836108
0.16629515357249322
0.16575888188613627
0.1657025463410622
0.1656462325304874
0.1651123353381808
0.16364035075881134
0.16169666055550186
0.15977660004514077
0.1578786185581347
0.1560027193807096
0.15414890251286556
0.1527762693804065
0.15228488962768214
0.15223325874402507
0.15218164563195663
0.15169220742528877
0.15034178017048777
0.14855624618900792
0.14679279451710917
0.14505142515479136
0.14333213810205467
0.1416349333588991
0.1403794816388841
0.13993030940912546
0.13988312142262266
0.13983595120770856
0.13938872052400628
0.1381554746816495
0.13652642789311623
0.1349163063495815
0.1333243022890843
0.13175041571162463
0.13019464661720256
0.12904242772495253
0.12862989514316062
0.12858654720976134
0.12854321385710407
0.1281322742213586
0.12699827419386675
0.1254985279547949
0.12401689919876062
0.12255338792576391
0.12110799413580473
0.11968071782888312
0.11862464070316708
0.11824673738325468
0.1182070346353165
0.11816734646812019
0.11779103609425426
0.1167531778332964
0.1153816779184833
0.11402554545322643
0.112684364404527
0.11135813477238506
0.11004685655680055
0.10907550161009982
0.10872768013822158
0.10869113052352995
0.10865459294156632
0.1083080860452196
0.107351766180138
0.10608672071362474
0.10483662666366889
0.10360148403027049
0.10238129281342953
0.10117605301314601
0.10028403886654631
0.09996479512361446
0.09993125369091718
0.09989772429094793
0.09957979512354756
0.09870281605856701
0.09754346384600807
0.09639671619301436
0.0952623748874059
0.09414043992918261
0.09303091131834448
0.09220884629816115
0.09191444846793399
0.09188351164119624
0.0918525847989442
0.09155927777376853
0.09074968852434674
0.08967852280329551
0.0886197634296294
0.08757341040334848
0.08653946372445268
0.08551792339294213
0.0847616935746669
0.08449100889773366
0.08446256819239532
0.0844341374715426
0.08416454359966091
0.08342078955214728
0.08243718923338854
0.08146400385486585
0.08050115419843075
0.0795486402640833
0.07860646205182342
0.07790825884805438
0.07765819078504851
0.07763191150091643
0.07760564053485446
0.07735648122101663
0.07666867157591703
0.07575845346883586
0.07485857108384225
0.07396902442093631
0.07308981348011787
0.07222093826138712
0.07157758233291821
0.07134726968660812
0.07132306992002291
0.07129887847150791
0.07106947457436585
0.0704365122045663
0.06959911025175117
0.06877035510809265
0.06795023068927679
0.06713873699530357
0.06633587402617289
0.0657407951135923
0.06552763752003471
0.06550523634462473
0.06548284211512277
0.06527044336201715
0.0646840434700459
0.06390786841603138
0.0631403240868595
0.06238141048253021
0.061631127603043546
0.06088947544839945
0.06034019611687082
0.06014353505487699
0.06012287035647373
0.06010221260397849
0.059906310382436594
0.05936571007151732
0.05865020819569823
0.0579419062993024
0.057240814641415706
0.05654693322203809
0.055860262041169534
0.055351191907828334
0.055168818972878314
0.05514965228609505
0.05513049140202876
0.05494875241390808
0.05444693286609242
0.053782557174514384
0.0531253917214454
0.05247543650688552
0.051832691530834696
0.05119715679329295
0.05072634832499415
0.050557756842855614
0.050540040835315665
0.0505223306304927
0.050354373095183466
0.04989081521241019
0.04927699562316322
0.0486691758437297
0.04806737066913434
0.0474715800993772
0.04688180413445827
0.04644445162647243
0.04628774666202473
0.04627127681515415
0.04625481180876832
0.046098635667280084
0.04566733142062801
0.04509615380825838
0.044530990800726936
0.04397184239803365
0.0434187086001786
0.04287158940716172
0.04246615384552813
0.04232094503237318
0.0423056853066913
0.042290430421494184
0.0421457504312987
0.04174636313099885
0.04121722848156682
0.04069308772814254
0.04017394597764225
0.039659803230065904
0.03915065948541361
0.03877297393823637
0.03863762111030114
0.03862339456568781
0.03860917204421451
0.038474258744326695
0.03810160017346895
0.037607914338567375
0.03711922750658978
0.036635539677536196
0.03615685085140659
0.035683161028200946
0.03533200306054588
0.03520620519016365
0.0351929844305559
0.035179767694088176
0.035054409351753385
0.03470826554910761
0.03424940557037688
0.033794673653800504
0.03334406979937844
0.032897594007110724
0.03245524627699735
0.03212696968210188
0.032009294001935695
0.0319969245298728
0.0319845583800268
0.03186724565205848
0.03154312021910684
0.03111353727693164
0.030688082396910798
0.03026675557904427
0.02984955682333207
0.02943648612977419
0.029130115402656073
0.02902032998766086
0.02900879106982648
0.02899725547420902
0.028887833011411675
0.02858557827787594
0.0281846449596701
0.02778708533823679
0.027392899413575995
0.027002087185687706
0.026614648654571953
0.026326963220630422
0.026223804599000027
0.026212960051062908
0.02620211821823812
0.026099256222630485
0.02581496336397694
0.025437956973235767
0.025064324279267105
0.024694065282070958
0.02432717998164732
0.023963668377996194
0.023693885716022888
0.023597175486191474
0.023587009716338446
0.023576846661597775
0.023480433057789102
0.02321398332632068
0.02286028200880266
0.02250929358424985
0.02216101805266229
0.02181545541403995
0.021472605668382858
0.021217850576415308
0.021126462497326814
0.021116854161879466
0.02110724800973716
0.021016098456723982
0.020764071438514498
0.020429610496636413
0.020097862447723554
0.01976882729177593
0.01944250502879353
0.019118895658776353
0.018878536734397527
0.018792334004772277
0.01878327149558422
0.018774211169701207
0.018688246966151262
0.018450531265314405
0.018134696014266264
0.01782098712012578
0.017509404582892935
0.017199948402567736
0.01689261857915018
0.01666405683501394
0.01658202288857333
0.016573396720471163
0.016564772263636562
0.016482925273177775
0.016256501784606487
0.01595574707900262
0.015657118730306396
0.015360616738517808
0.015066241103636857
0.014773991825663545
0.014556713752054739
0.014478744066088466
0.014470545714878333
0.014462349074935762
0.01438456634495131
0.014169315963544715
0.01388303223715688
0.013598346072637317
0.013315257469986025
0.013033766429203012
0.012753872950288271
0.012545493967927306
0.012470657122367163
0.012462786309598503
0.012454916782529248
0.012380220399629218
0.012173447918765212
0.011898494418393498
0.011625138479890055
0.011353380103254887
0.011083219288487992
0.010814656035589362
0.010614754633687261
0.010542971324216563
0.010535421936299427
0.010527873834081693
0.010456230987271109
0.010257799327044811
0.009993566866315992
0.00973044590496225
0.009468436442983591
0.009207538480380006
0.008947752017151507
0.00875409974380918
0.008684500646197945
0.00867717912163677
0.008669858491597493
0.008600357120504422
0.008407822566259797
0.008151473079822322
0.007896235092759928
0.007642108605072605
0.007389093616760364
0.007137190127823198
0.006949436108294602
0.006881961500208689
0.006874863606123859
0.006867766606560937
0.006800387731188899
0.006613587718951809
0.0063645035356857844
0.006116074536378064
0.005868300721028652
0.005621182089637544
0.005374718642204738
0.005190736561968591
0.0051245579875400455
0.005117594590054398
0.005110631719853263
0.005044510751257378
0.004861187521254642
0.004616750032728367
0.004372967728160399
0.004129840607550735
0.003887368670899374
0.003645551918206316
0.003465046620204519
0.003400120346485975
0.0033932887701276977
0.0033864577210539295
0.003321580219823463
0.0031415445803965845
0.0029011174260664303
0.002660906717192274
0.0024209124537740868
0.0021811346358118575
0.0019415732633056165
0.0017624685510925031
0.001697986584739738
0.001691199923846508
