1079
0.002192247914208234
0.0022010436550794817
0.0022846138237712153
0.002516731840050487
0.0028271874199422985
0.003137907841035184
0.0034488931033291445
0.0037601432068241824
0.004071658151520295
0.004304915244063904
0.004388969668595011
0.004397819806428823
0.004406670588082506
0.00449078512430891
0.004724618231548504
0.0050378337959775974
0.005351849346843122
0.005666664884145076
0.005982280407883463
0.0062986959180582796
0.006535969749618067
0.006621543020731726
0.006630554113534889
0.006639565850157929
0.006725209458593194
0.006963287753149502
0.007282176980248326
0.0076018661937835835
0.007922355393755279
0.00824364458016341
0.008565733753007978
0.008807252771884494
0.008894363253078576
0.008903538272186063
0.008912714378945285
0.00899994163978862
0.009242626631079404
0.009568154739434329
0.009895034323057748
0.01022326538194965
0.010552847916110048
0.01088378192553893
0.011132279582660862
0.011221971190440124
0.011231418122483272
0.011240866142178165
0.011330676575910316
0.011580533270879259
0.011915646310216393
0.012252110824822015
0.01258992681469613
0.012929094279838748
0.01326961322024986
0.013525281803441631
0.013617579295658294
0.013627302976524466
0.013637028210794388
0.013729495412370634
0.013986948481856073
0.01433271989390714
0.014680421507204127
0.015030053321747052
0.015381615337535907
0.015735107554570672
0.01600086237777003
0.01609684920389069
0.01610696123569412
0.01611707482090131
0.01621323135638154
0.016480927181837274
0.016840387964426846
0.01720177894826236
0.0175651001333438
0.01793035151967118
0.01829753310724451
0.018573533652238752
0.018673251875120634
0.01868375929175422
0.01869426875821509
0.018794210924730527
0.01907265171616445
0.019447012255193907
0.01982391983276943
0.02020337444889104
0.02058537610355872
0.02096992479677249
0.021259320345775868
0.021363906908517475
0.021374926781978384
0.021385948705266607
0.021490759211641754
0.021782716051896734
0.022175140694089886
0.022570112374829133
0.022967631094114458
0.02336769685194589
0.023770309648323412
0.024073236735001738
0.024182756854909553
0.024194298862702773
0.024205843456042417
0.02431564604689686
0.024621715939663388
0.025033584442500444
0.025448665648363674
0.02586695955725309
0.026288466169168686
0.02671318548411046
0.027033073142944418
0.02714873393560484
0.02716092233000361
0.02717311330994879
0.027289056573555848
0.027612174913043463
0.02804682854372579
0.02848469487743429
0.028925773914169006
0.029370065653929908
0.02981757009671701
0.03015454626008482
0.030276440979428332
0.03028928863907114
0.030302139467581375
0.03042438038569172
0.030765258972894186
0.031224282617034756
0.03168724377701254
0.032154142452827474
0.032624978644479635
0.03309975235196895
0.033457566109425796
0.033586986888917834
0.03360062676541838
0.03361426981078635
0.03374403678904524
0.03410581009587062
0.0345927593842466
0.035083646188459786
0.035578470508510186
0.03607723234439779
0.036579931696122614
0.03695872113156326
0.0370957951293575
0.03711024396027558
0.03712469659863085
0.03726218655893341
0.037645703411078875
0.03816240636971076
0.03868384030696264
0.03921000522283457
0.03974090111732654
0.04027652799043856
0.04068039267906598
0.04082650934008448
0.04084191003028935
0.04085731452793136
0.04100384715145816
0.04141246929229207
0.0419627252907824
0.04251771226789279
0.043077430223623245
0.04364187915797376
0.04421105907094436
0.044640172566776055
0.044795499662912054
0.04481187354856657
0.044828251941841764
0.04498407149553775
0.04541880834516269
0.04600472696408983
0.04659624658344629
0.0471933672032321
0.047796088823447255
0.04840441144409175
0.04886323807513923
0.04902927077040581
0.04904677156123194
0.049064276859678776
0.04923080201250535
0.04969526098603226
0.05032090301225972
0.05095214603891657
0.05158899006600276
0.05223143509351835
0.05287947880990168
0.05336826352490085
0.053545217331480266
0.05356387173418271
0.05358253141045092
0.05376006135409278
0.0542554354719448
0.05492322729287917
0.05559757184890432
0.056278469140020236
0.0569659191662269
0.057659921927524366
0.058183479216945125
0.058372957742273544
0.05839293053642325
0.05841290860413874
0.05860296326652962
0.05913310995880328
0.05984737507825383
0.06056819293279518
0.061295563522427335
0.06202948684715029
0.0627699640169498
0.06332865029890745
0.06353092374329679
0.06355224774039432
0.06357357784331714
0.06377651834912096
0.06434283395519966
0.0651063425216955
0.06587743795774594
0.06665612026335076
0.06744238943851019
0.06823624548322413
0.06883519205078116
0.06905196683026789
0.06907481728369146
0.06909767384294033
0.06931511568384159
0.06992169157551971
0.07073900772750867
0.0715639107490522
0.0723964006401503
0.07323647740080295
0.07408416649453853
0.07472386833474212
0.07495547494015604
0.07497989132755364
0.075004314713946
0.07523668595953673
0.07588513315304339
0.0767593801098861
0.07764232375514644
0.07853396408882446
0.0794343011109201
0.08034333482143348
0.081029186283289
0.0812774155012411
0.08130358163732691
0.0813297547724075
0.08157874863053637
0.08227334544569496
0.0832092710437977
0.08415389333031816
0.08510721230525628
0.08606922796861216
0.08704001797274255
0.08777266569670303
0.08803791049314243
0.08806587267377668
0.08809384279264816
0.08835995484151266
0.08910252151701448
0.09010357864193506
0.09111449952284081
0.09213528415973167
0.09316593255260769
0.09420644470146886
0.0949914351776265
0.09527553328765354
0.09530548002761277
0.09533543470580928
0.09562040006826135
0.09641530949596039
0.09748632233708773
0.09856719893420027
0.09965793928729802
0.10075854339638093
0.10186917559233395
0.10270730881072634
0.10301071127325775
0.10304269506878261
0.10307468775844195
0.10337906190516041
0.10422830848350127
0.10537298077889082
0.10652870459220028
0.10769547992342972
0.10887330677257917
0.1100621851396486
0.11095896405697747
0.11128349008879405
0.1113176974179279
0.11135191364119622
0.11167741135719986
0.11258530363447723
0.11380835548958301
0.11504245886260883
0.11628761375355468
0.11754382016242056
0.11881136807779663
0.11976772520677396
0.12011386745433575
0.12015035500433424
0.12018685236841653
0.12053406680462242
0.12150268678452629
0.12280789997674624
0.12412530778134206
0.1254549101983139
0.12679670722766162
0.12815069886938535
0.12917176761275123
0.12954121830909754
0.1295801593800208
0.12961911026502776
0.1299896331500182
0.13102296474431085
0.13241466454912623
0.1338185589663176
0.13523464799588494
0.13666293163782833
0.13810386252560256
0.13919064541465678
0.13958390114441596
0.13962535218239852
0.1396668138295255
0.14006122860830683
0.14116126778901644
0.14264298535654543
0.1441378854490228
0.1456459680664488
0.14716723320882324
0.1487016808761462
0.14985841781087542
0.15027687025850803
0.1503209735825826
0.15036508751580147
0.15078469901245634
0.15195469223884103
0.15352990289111118
0.15511829606832991
0.15671987177049718
0.15833462999761294
0.15996320769382738
0.16119083506354143
0.16163491064455235
0.16168171388678507
0.16172852826125217
0.16217382003888933
0.16341535730963203
0.16508675421809227
0.16677198362376286
0.1684710455266437
0.17018393992673483
0.1719106668240362
0.1732116973654058
0.17368221200350592
0.17373179830437951
0.17378139573748758
0.1742531265722138
0.1755680670146122
0.17733756674016662
0.17912089896293132
0.18091806368290636
0.1827290637050736
0.18455469056006482
0.18592972871271835
0.18642690179772134
0.18647929430256552
0.18653169794948515
0.18703008830623963
0.18841904865635978
0.19028748615104735
0.19216976837095773
0.194065895316091
0.19597586698644703
0.19789968338202596
0.1993481895951901
0.1998718251095713
0.19992700313329745
0.19998219229909908
0.20050704508523176
0.20196947349586264
0.2039361005311377
0.20591657229163562
0.2079108887773563
0.20991921270206956
0.2119419004987554
0.21346365285358815
0.2140135173534451
0.21407145159353042
0.21412939607483783
0.21468037942821228
0.2162149283501138
0.21827696548252315
0.22035172797350353
0.222439215823055
0.2245394290311774
0.22665236759787066
0.22824164801111327
0.22881583541352526
0.2288763299591427
0.2289368347459822
0.22951214100191183
0.23111421798222279
0.2332665058846388
0.23543151914562543
0.2376092577651829
0.23980020690028422
0.2420034686250874
0.24365832353701086
0.24425570920206036
0.24431863269995316
0.24438156396857147
0.24497979858537766
0.24664436314018487
0.24887748193489845
0.2511202563416699
0.25337268636049914
0.25563477199138607
0.2579065132343306
0.2596126063672742
0.2602284475052975
0.260293313684556
0.26035818763453994
0.26097487772432004
0.26269068050014643
0.26499227881299864
0.2673035327379079
0.2696244422748741
0.2719560196821559
0.2742946673940713
0.2760466592257003
0.276678159779976
0.27674464742847454
0.2768111377257241
0.2774429276560538
0.2791982291435266
0.2815470540192255
0.28389917013367016
0.2862545774868606
0.2886132760787964
0.2909752659094772
0.2927447229434437
0.29338251428149936
0.29344966411776424
0.29351681660278
0.2941548973168895
0.2959276640066977
0.29829983100115587
0.30067528923435793
0.30305403870630376
0.30543763056756995
0.3078174881004921
0.3095926837858935
0.3102309421411214
0.31029809184357665
0.3103652348055424
0.3110027567623147
0.31276953010101893
0.31512348898893827
0.3174690723976241
0.3198062803270763
0.32213511277729384
0.32445556974827666
0.3261863203323666
0.3268085700255102
0.32687403460564085
0.32693949244528214
0.3275610057399699
0.3292833339773593
0.33157789230332935
0.33386407515006244
0.3361418825175584
0.33841135394534094
0.34065766853624413
0.34232088649985104
0.3429162834209058
0.3429788435020081
0.34304138200615625
0.34363442164497954
0.34527067886734947
0.3474340894065186
0.3495706892317087
0.35168047834291954
0.3537634567401515
0.35581962442340365
0.35734056934617775
0.35788472100134
0.3579418868439269
0.35799903110956016
0.3585408254824909
0.3600348096640264
0.3620080732955384
0.36395452621307023
0.3658741684166208
0.36775831670609915
0.3695945901997589
0.37093751987674395
0.37141472480995313
0.3714647565179111
0.371514750056293
0.3719877849633109
0.3732830211585358
0.3749726375983512
0.37661482595424
0.3782095862262022
0.3797569184142373
0.3812568225183465
0.3823480715527957
0.38273462374272144
0.3827751130566498
0.3828155642010018
0.3831979463647366
0.38424150191742534
0.38559474896768997
0.38689702519207675
0.3881339933184332
0.3893047931764744
0.39040942476620055
0.39119266351128923
0.39146570355905036
0.3914941650465399
0.3915225732825688
0.3917897956082327
0.3925064958209426
0.3934065219852411
0.3942403798812243
0.39500806950889256
0.39570959086824575
0.39634494395928416
0.3967770558844323
0.3969236237126889
0.3969387723349675
0.3969538677057853
0.3970946178119448
0.3974577042667412
0.39786998341715585
0.3982079333424962
0.39847155404276247
0.3986608455179541
0.39877580776807153
0.3988132116878507
0.39881649060633206
0.3988165217042951
0.39881649298295313
0.3988132366423716
0.3987758954059719
0.39866101693174594
0.39847180923244546
0.39820827230807077
0.39787040615862157
0.39745821078409815
0.3970951852084232
0.3969544569178164
0.3969393638470064
0.3969242175254277
0.39677767158834093
0.39634562076745145
0.39571035009359373
0.39500891201146215
0.39424130652105627
0.39340753362237646
0.39250759331542245
0.3917909579059883
0.3915237590397356
0.3914953532767522
0.3914668942630002
0.39119387775026765
0.39041070467330846
0.3893061616003437
0.38813545111910475
0.38689857322959165
0.3855963907420162
0.3842432414144884
0.383199760326349
0.3828174052661544
0.38277695698350034
0.38273647053292636
0.38234994562745384
0.3812587731267007
0.3797589731079372
0.3782117470628796
0.3766170949915277
0.3749750168938816
0.3732855127699417
0.3719903619582461
0.37151735808767106
0.3714673678249766
0.3714173393943627
0.37094016567850957
0.36959732345420016
0.36776116863902464
0.3658771413640769
0.36395762017160216
0.3620112859202469
0.3600381386100107
0.35854423992954204
0.358002476031622
0.35794533496397707
0.3578881723174912
0.3573440509311693
0.3558231891514402
0.35376713053856773
0.3516842588668166
0.34957457413618626
0.34743807634667645
0.3452747654982878
0.3436385813335999
0.34304556768780975
0.34298303190986257
0.34292047455307484
0.34232510341888267
0.3406619561549358
0.3384157340039168
0.33614635110532215
0.3338686269140827
0.33158252404358246
0.32928804249382193
0.3275657696095333
0.32694427581360097
0.3268788200129397
0.3268133574692138
0.3261911269934694
0.3244604285445501
0.3221400384546685
0.31981126968552853
0.3174741222371308
0.3151285961094755
0.3127746913025632
0.3110079563357978
0.3103704477613436
0.3103033061945221
0.3102361578846362
0.30959791263036995
0.30782275209897725
0.3054429387519541
0.30305938781185043
0.3006806766123967
0.2983052542606733
0.2959331207566805
0.29416037756153407
0.2935223049820508
0.293455153343209
0.2933880043511941
0.2927502209375393
0.29098078499384156
0.28861882126013816
0.28626014637416636
0.2839047603359266
0.28155266314541916
0.27920385480264426
0.2774485641217438
0.27681677775592284
0.2767502878237824
0.27668380053846875
0.27605230333847636
0.2743003199090266
0.27196168133654713
0.2696301109676857
0.2673092069800887
0.26499795711286694
0.26269636136602065
0.2609805595345366
0.2603638695803281
0.26029899563831216
0.2602341294658212
0.25961828833221623
0.25791219464358606
0.2556404513540715
0.25337836218493276
0.25112592713617016
0.24888314620778354
0.24665001939977318
0.24498544787358895
0.24438721054119467
0.24432427898042242
0.2442613551891752
0.24366396667738444
0.24200910329405495
0.2398058289433791
0.23761486604663254
0.23543711282766352
0.23327208408928515
0.23111977983149787
0.229517690039427
0.22894237904842815
0.22888187375945068
0.22882137871098884
0.22824718649631245
0.2266578923884172
0.22454493475146353
0.2224447015951007
0.22035719291932868
0.21828240872414786
0.2162203490095578
0.21468578261683002
0.21413479285023912
0.21407684769014662
0.2140189127705699
0.21346904178030152
0.21194727107174965
0.20992455797799445
0.20791620809404582
0.2059218652544371
0.2039413667447729
0.20197471256505256
0.20051226358569008
0.19998740333670598
0.19993221338367084
0.1998770345723934
0.1993533915604062
0.1979048643810201
0.1959810196187161
0.19407101918635622
0.19217486308394074
0.1902925513114695
0.1884240838689424
0.1870351008525153
0.18653670227738467
0.18648429776370257
0.18643190439177793
0.1859347230536445
0.1845596618371937
0.18273400381208305
0.1809229726852321
0.17912577680536748
0.17734241336646897
0.17557288236853652
0.17425791849051636
0.17378617920681014
0.17373658088409802
0.17368699369357526
0.17321647060154988
0.1719154165679995
0.17018865822440174
0.16847573232176988
0.16677663886010416
0.1650913778394043
0.16341994925967052
0.1621783882548416
0.16173308792072083
0.16168627264533347
0.16163946850213545
0.1611953843596956
0.15996773319933638
0.1583391236707119
0.15672433369282499
0.1551227262578375
0.1535343013657494
0.15195905901656065
0.15078904208542773
0.1503694220530316
0.15032530722138945
0.15028120299890613
0.14986274201711045
0.14870598139568428
0.14717150208695048
0.14565020532111606
0.14414209109818096
0.1426471594181452
0.14116541028100882
0.14006534749080862
0.1396709242105967
0.1396294616686582
0.13958800973587848
0.1391947455062671
0.1381079390257736
0.13666697663422073
0.13523866155111908
0.13382254111700834
0.1324186153318886
0.13102688419575992
0.12999352918248172
0.12962299786723833
0.129584046094991
0.12954510413685688
0.1291756450134769
0.12815455288794522
0.12680053002812905
0.12545870181730376
0.12412906825546946
0.12281162934262607
0.1215063850787736
0.12053774187418428
0.1201905190777103
0.12015402083375454
0.12011753240391193
0.11977138179930139
0.1188150014824586
0.11754742257699624
0.11629118519557885
0.11504599942418775
0.11381186526282291
0.11258878271148433
0.11168086752669906
0.11135536157228142
0.1113211444822008
0.11128693628632878
0.11096240202419654
0.1100656002919814
0.10887669151348998
0.10769883434502481
0.10653202878658587
0.1053762748381731
0.10423157249978657
0.10338230350270647
0.10307792129362339
0.10304592775568328
0.10301394311195172
0.10271053259515403
0.101872377050644
0.10076171514563068
0.09966108152617954
0.09857031182662915
0.09748940604697953
0.09641836418723075
0.09562343315422364
0.09533846003224439
0.09530850453794809
0.09527855698202109
0.09499445112687882
0.09420943921024597
0.0931688985496229
0.0921382218089006
0.09111740898807899
0.09010646008715813
0.08910537510613799
0.08836278769515833
0.08809666820007046
0.08806869729807856
0.08804073433445586
0.08777548210620502
0.08704281381159953
0.08607199647037853
0.08510995363252416
0.08415660763518916
0.08321195847837347
0.08227600616207717
0.08158138945512593
0.0813323884530402
0.08130621456660676
0.08128004767929053
0.08103181133075478
0.08034594013005937
0.07943688017168096
0.07853651705382195
0.07764485077648216
0.0767618813396617
0.07588760874336054
0.07523914246519994
0.07500676436637527
0.07498234025923248
0.07495792315120689
0.07472630970593222
0.07408658893402739
0.07323887464715419
0.0723987728488366
0.07156625808696017
0.07074133036152493
0.06992398967253083
0.06931739553075389
0.06909994713924432
0.06907708989116286
0.069054238749041
0.06883745743361915
0.06823849278378381
0.06744461271811124
0.06665831968887981
0.06587961369608952
0.06510849473974034
0.06434496281983224
0.06377862984925088
0.06357568311182124
0.06355435235364292
0.06353302770142422
0.06333074804008224
0.06277204456144238
0.06203154459130519
0.061297598658353145
0.060570205647147185
0.05984936555768726
0.059135078389973394
0.05860491532267407
0.058414854787767735
0.05839487610268137
0.058374902691311
0.058185418309878466
0.05766184483313177
0.056967820600746115
0.0562803492901065
0.05559943090121293
0.0549250654340654
0.054257252888663884
0.05376186338628612
0.05358432792689658
0.05356566767081199
0.05354701268844339
0.053370053382527635
0.052881253470702494
0.052233189630459795
0.0515907246223415
0.05095386075607593
0.050322598031663064
0.04969693644910288
0.04923246293549663
0.04906593256488
0.04904842671778963
0.04903092537843381
0.048864887477811585
0.04840604644889945
0.04779770470923126
0.047194964111415744
0.0465978246554529
0.04600628634134271
0.0454203491690852
0.0449855985298543
0.04482977402868095
0.044813395115216204
0.04479702070948596
0.04464168867830699
0.04421256153037591
0.04364336343240543
0.04307889643366969
0.042519160534168654
0.04196415573390236
0.04141388203287079
0.041005246725404704
0.04085870937593548
0.040843304381335446
0.04082790319426965
0.04068178181791354
0.04027790408394351
0.03974225988125476
0.0392113467778007
0.038685164773581346
0.038163713868596696
0.037646994062846745
0.037263464684119715
0.03712597022841432
0.037111517117368376
0.03709706781385667
0.03695998933126439
0.036581187495481
0.03607847169108971
0.035579693518161565
0.03508485297669665
0.03459395006669491
0.03410698478815637
0.033745199592683905
0.03361542834811534
0.03360178485415066
0.0335881445291465
0.03345871949351098
0.033100893963680066
0.03262610462356669
0.032155252914916464
0.031688338837729424
0.031225362392005566
0.030766323577744857
0.03042543371547316
0.0303031887520575
0.03029033749821419
0.03027748941333136
0.03015559065884873
0.029818603336771148
0.02937108406076077
0.0289267775717859
0.028485683869846533
0.02804780295494267
0.027613134827074302
0.02729000569534643
0.02717405855600809
0.027161867168446135
0.027149678366498224
0.02703401370549286
0.02671411533889804
0.02628938178654369
0.025867861021224816
0.025449553042941428
0.025034457851693528
0.0246225754474811
0.02431649520827594
0.0242066889022633
0.02419514391820932
0.024183601519769376
0.024074077692089718
0.023771140334871068
0.023368513863506434
0.022968434495260304
0.022570902230132642
0.022175917068123482
0.021783479009232807
0.021491512172475788
0.02138669807432036
0.021375675773222823
0.02136465552200457
0.021260065373160088
0.020970659892588398
0.020586097982347784
0.02020408317522566
0.01982461547122201
0.01944769487033684
0.01907332137257014
0.01879487092729239
0.018694925292418587
0.018684415461140177
0.018673907679741045
0.018574185994178195
0.018298175855420554
0.017930981496003195
0.01756571739707147
0.017202383558625387
0.01684097998066493
0.016481506663190117
0.016213801497540262
0.016117641605943683
0.016107527667711397
0.016097415282930527
0.016001425105902065
0.015735661002079782
0.015382156433340661
0.015030582125087164
0.014680938077319294
0.014333224290037045
0.013987440763240412
0.013729978667920695
0.013637508223457242
0.01362778264808107
0.013618058626156318
0.013525757896260988
0.013270080354275753
0.012929549480438186
0.012590370125939025
0.012252542290778282
0.011916065974955948
0.011580941178472023
0.011331075715312267
0.011241262129413003
0.011231813778097248
0.011222366514468705
0.01113267175839709
0.01088416537740087
0.010553219747098126
0.010223625636133788
0.009895383044507853
0.009568491972220323
0.0092429524192712
0.009000258893649882
0.008913028564873467
0.00890385213536012
0.008894676793533979
0.008807563247807765
0.008566035727297534
0.008243935215011386
0.007922634715395614
0.00760213422845021
0.007282433754175172
0.006963533292570503
0.00672544660921207
0.0066397999828154905
0.006630787928623154
0.006621776518271808
0.006536200231503409
0.006298918037522226
0.005982491373962098
0.005666864723072336
0.005352038084852941
0.005038011459303911
0.004724784846425243
0.0044909434895958385
0.004406825985550946
0.004397974891606156
0.004389124441502355
0.004305067052071507
0.004071801733113236
0.003760275802189986
0.0034490147219831064
0.00313801849249248
0.0028272871137182184
0.002516820585660446
0.0022846943838915556
0.0022011212681767364
0.002192325217132847
