452
0.004724930260576332
0.004731571930171446
0.004812972960855785
0.005181318719223017
0.005767915651634344
0.006358348005999187
0.006953307628144286
0.0075546660659594304
0.00816252697017713
0.008549619973847249
0.008635732029333713
0.00864276720080553
0.00864980321996367
0.008736063249694195
0.009126989827938855
0.009751530703061659
0.01038311455640612
0.011023830831450957
0.011673885449648126
0.012333278410997633
0.012754364044262301
0.012848160187946218
0.012855825081158033
0.012863491191751885
0.012957499844687394
0.01338409096351106
0.014067845049327609
0.014763655554186022
0.015471882440203519
0.0161925257073801
0.01692558535571575
0.017394761982927394
0.01749937880078947
0.017507929672721502
0.017516482163300345
0.017621381536196495
0.018098166484793253
0.018866182806380763
0.019650015321093423
0.020449664028931218
0.021265128929894146
0.022096410023982195
0.022629615911588644
0.022748781917355545
0.02275852671197515
0.022768274066204453
0.022887886883836746
0.02343255136852826
0.02431132784450923
0.025209738677546462
0.02612778386763994
0.02706546341478966
0.028023688269645096
0.028640796750598586
0.028778811231878358
0.028790098420752603
0.02880138873424667
0.028939948656978718
0.02957118791113973
0.030590636028191412
0.03163405260502834
0.03270143764165051
0.03379353495381162
0.03491407645153347
0.03563638078945003
0.035797969848576
0.03581118578759665
0.03582440549951064
0.035986653164333755
0.03672602002601063
0.03792080095597934
0.03914452314829651
0.040397764919871876
0.041684852212768075
0.04300664176953387
0.04385896119256457
0.04404966609645976
0.044065263814683155
0.04408086605682605
0.04427236066741795
0.0451451390529736
0.04655594602495567
0.04800186336870994
0.049487813672610285
0.05101518987161459
0.05258399196572286
0.05359571343110604
0.053822096845063706
0.05384061290165398
0.05385913435868192
0.05408646048654733
0.05512260487830443
0.05679791623398843
0.05852040178476415
0.060292239501513974
0.06211342938423797
0.0639839714329361
0.06519026381965018
0.06546018235131947
0.0654822591406751
0.06550434236376736
0.06577538398458475
0.06701086318524382
0.06901417084112249
0.07107625118073768
0.07319710420408945
0.07537672991117783
0.07761512830200275
0.07905855147066668
0.07938180608195719
0.07940825479925673
0.07943471266157749
0.07975956365063598
0.08124288884394111
0.08364972968851855
0.08612672053026553
0.08867386136918207
0.09129115220526816
0.09397958605235394
0.09571848940683067
0.09610828484357146
0.0961401775404488
0.09617208120505825
0.09656379119653109
0.09835229499592994
0.10125395032948166
0.1042397373840647
0.10730965615967905
0.11046430442815623
0.11371622414452684
0.11582159766424355
0.11629353891504762
0.11633215266196616
0.11637077968141701
0.11684503781863785
0.11901043500609525
0.12252351907757691
0.12613841462428943
0.12985529579209387
0.13368931145774354
0.13764841997095692
0.14021223240110406
0.14078699745818185
0.14083402509240076
0.1408810690342004
0.14145868078335003
0.14409624257722942
0.14837623626364208
0.15278109113112426
0.1573289969518463
0.16203413529820784
0.1668965061702093
0.1700471007934113
0.17075360214907165
0.17081141152461138
0.17086924139758305
0.17157932083618646
0.1748226129952574
0.18008790681636774
0.1855314122257706
0.19117858393627707
0.19702942194788767
0.2030839262606031
0.20701102877917893
0.20789207150180727
0.2079641692552087
0.20803629355932604
0.2089219710413026
0.21296914645303555
0.2195709650363871
0.22644326483344737
0.23358611348923874
0.24099951100376205
0.2486834573770184
0.2536736718273744
0.25479480592928483
0.25488663929774114
0.2549785180496435
0.2561077159107457
0.2612892115646479
0.26978077779704945
0.2786204731956731
0.28780829776052047
0.2973442514915927
0.30725079404251376
0.3137217241706808
0.31517254343390866
0.3152912526143602
0.3154100032974355
0.31686806736241124
0.3235266888550819
0.3343337767613918
0.3454592246651417
0.35690303256633205
0.3687185592845413
0.3807694071251362
0.38817353180702974
0.38979260727151893
0.38992443517723435
0.39005621153276676
0.3916662882685657
0.39883728253150913
0.40987377457190477
0.4205148333979276
0.43072586735344465
0.4395391598984086
0.4474077747588169
0.45188882197203667
0.45283066162301117
0.4529067306118927
0.4529826764489876
0.45390301841622194
0.4578271242892715
0.4632724746039499
0.46793302760970235
0.4720166927191951
0.47548140993686017
0.4783271792626974
0.47980501243889995
0.4800990496809985
0.4801225181604653
0.4801459059515238
0.4804258580233602
0.4815384834132951
0.48277059054621735
0.48334211924441145
0.4832530695078775
0.4825034413366157
0.48109355346200167
0.47987417565905294
0.47957052267064704
0.4795451982414515
0.4795197928416682
0.47920200542508357
0.47761644643407863
0.474598271299188
0.4709589837204722
0.4666985836979304
0.4618575156050224
0.45614071443481524
0.4520452627046537
0.4510869609626831
0.45100791640540633
0.4509287487019186
0.4499489502495232
0.4452965823949118
0.4371566263931561
0.4279115692656137
0.4175520488418942
0.40679704709893855
0.3956465640367461
0.3884035820701057
0.3867775536933497
0.3866444751214987
0.3865113449931939
0.38487631679304324
0.3774001760469063
0.36530433760277065
0.35363185927725765
0.3422778507772161
0.3312423121026465
0.3205252432535494
0.3139235076616767
0.3124780527261443
0.3123603314546125
0.312242651700022
0.31080444406555385
0.3043953195915917
0.29460981955482946
0.28517245160729043
0.276083215748975
0.2673421119798825
0.25894914030001337
0.2538299797633192
0.25271433915643976
0.2526235001370618
0.25253269639062326
0.25142321311625115
0.2464813066142915
0.23887390095665292
0.23153706838430552
0.22447080889724913
0.21767512249548338
0.21114475457079063
0.20713392653000307
0.2062563032730486
0.20618483647876748
0.2061133962385348
0.20524040832269144
0.20134966824680373
0.19535278377191861
0.18955959116266133
0.18397009041903195
0.1785820407871159
0.17336079851845193
0.1701455794498195
0.16944172038143776
0.16938439830516674
0.16932709672804486
0.16862681604236598
0.16550430227549254
0.1606864229011767
0.1560257892249171
0.15152179642138341
0.1471520701777474
0.14290745642306585
0.14029224021846126
0.13971958024693013
0.13967294054883828
0.1396263171608878
0.1390565043284004
0.1365150490672474
0.13259137086938783
0.1287927832303373
0.12510487741084414
0.12151879046508965
0.11803452239307329
0.11588732065719189
0.11541709416446519
0.11537879626524039
0.11534051163951242
0.11487260220156763
0.11278542849526853
0.10956234375683799
0.10643216973231141
0.10338605099013602
0.10042406725346467
0.0975462185222979
0.09577274560604795
0.0953843659195502
0.09535273411940806
0.09532111328742615
0.094934648230404
0.0932107776954605
0.09054313328108245
0.08794566022505955
0.08541833575381395
0.08296115986734612
0.08057413256565563
0.07910331500445351
0.07878123503480668
0.07875500337693231
0.07872878086389506
0.07840817329601668
0.07697526406265427
0.07475345099145751
0.07259042490600613
0.07048618580630052
0.06844073369234031
0.06645401101764267
0.06522744482412224
0.06495835783764262
0.064936434177744
0.06491451695176416
0.06464655308623253
0.06344908363138933
0.061592518459318124
0.05978530685061
0.058027448805264635
0.056318944323282355
0.05465560284454535
0.053626854984548035
0.05340116778285077
0.053382780119029034
0.05336439785614538
0.053139653455701576
0.05213533078494649
0.0505782516906251
0.049062602329659755
0.047588382702050694
0.04615268374387298
0.04475169232158527
0.043885111473444406
0.04369499004109302
0.04367949989672027
0.0436640142765066
0.04347468259267453
0.04262856179055868
0.041316592497820374
0.040039327306772274
0.038794773942259705
0.0375792337827317
0.03639263626124363
0.03565843632252635
0.03549733347594183
0.03548420721976606
0.03547108473666301
0.03531064052708173
0.03459350392317328
0.03348114936282318
0.032396405091656165
0.031335800512654804
0.03029916639310198
0.02928650273299787
0.028659547560066473
0.028521936893543282
0.028510724072078986
0.02849951437549523
0.028362449195929913
0.027749625975121615
0.02679757622641755
0.025865439327823033
0.024952934954265135
0.024060063105744038
0.023186823782259575
0.02264565397808194
0.02252681531641123
0.022517131157004714
0.022507449556969056
0.022389057665473142
0.021858916651935508
0.021032085805858167
0.020221076416516104
0.019425888483909443
0.018646522008038045
0.01788297698890204
0.017408666837344912
0.01730425740358269
0.0172957449065344
0.017287234027906388
0.017183107109633805
0.016716141272879636
0.015986582152573828
0.015269437675716245
0.014564707842306762
0.0138723926523455
0.013191579973907002
0.012766639590362665
0.01267299675157973
0.01266536050480429
0.012657725475628035
0.012564295184002773
0.012144861268051553
0.011488086025400782
0.01084065079161769
0.010202555566702388
0.0095731710772972
0.008950447006830866
0.008560668053193943
0.008474662352532473
0.008467647096053797
0.008460632687430929
0.008374774990598511
0.007988830377996001
0.007382789613318969
0.006783252615105119
0.006189793874249024
0.0056004223833267626
0.0050148862578492685
0.004647210161536243
0.004565957493022087
0.0045593279345757355
