452
0.005235923816430976
0.005243284230586412
0.005333494409759751
0.005741705360432666
0.006391798775663064
0.007046155561259464
0.007705545448930996
0.00837205068668696
0.00904578659498792
0.009474841690310277
0.009570289819267736
0.009578087748107155
0.009585886619564363
0.009681499294240588
0.010114817281985935
0.010807101132997925
0.011507215436263697
0.0122174883924166
0.012938150586072077
0.013669202017230127
0.014136067025296802
0.014240062373458385
0.014248560762406524
0.0142570605057353
0.014361292277965934
0.014834282333710381
0.015592435789304507
0.016364009900336873
0.01714940793084231
0.017948629880820813
0.018761675750272388
0.019282072735478828
0.019398113454569123
0.019407598105501647
0.01941708455857305
0.01953343986353082
0.020062307357413663
0.02091428642957046
0.02178389452369867
0.022671131639798274
0.023575997777869274
0.024498492937911644
0.025090246291911363
0.02522250297863664
0.02523331836667722
0.025244136611143178
0.025376891922623043
0.02598143066688083
0.02695690651079678
0.02795429353753225
0.02897359174708722
0.030014801139461648
0.03107893764717767
0.03176433989010305
0.031917637402612754
0.03193017462623096
0.03194271534282494
0.03209662259791417
0.03279782146588605
0.033930392003296915
0.0350897565997879
0.036275915255359
0.037489705347024324
0.0387353525173333
0.03953842917592957
0.03971810128968386
0.03973279640319849
0.039747495743458414
0.039927905688442566
0.040750097369798406
0.04207891444257853
0.04344015420359942
0.044834468231622834
0.04626677312345162
0.047738048045186394
0.048686935679801945
0.04889926566321535
0.048916632379952446
0.04893400417697131
0.0491472209870685
0.05011908367554329
0.05169032358360185
0.05330099513475633
0.05495671550065726
0.05665908065814185
0.05840809060721002
0.05953626525999502
0.0597887306120626
0.05980938031381129
0.05983003609635296
0.060083562926842186
0.0612392373429446
0.06310817527799863
0.06503031671837531
0.06700815689954696
0.06904169582151352
0.07113093348427492
0.07247855718465503
0.07278013027868709
0.07280479659523442
0.07282947017288209
0.07313231078273871
0.07451288426284837
0.07675206443522148
0.07905767422736343
0.0814297136392742
0.08386818267095371
0.08637308132240187
0.08798871840475879
0.0883505865938345
0.08838019523440312
0.08840981419651683
0.08877348414029972
0.09043421963790389
0.0931294438796836
0.09590384304493446
0.0987574171336564
0.10169016614584933
0.10470329750001414
0.10665237549278102
0.10708928308553245
0.10712503043998212
0.1071607900855278
0.10759984324271946
0.10960450645802917
0.11285684345528417
0.11620346348656753
0.11964436655187918
0.12318040785532275
0.1268243375846209
0.1291824395757049
0.12971092340069382
0.12975416167552278
0.12979741455232838
0.130328447334863
0.13275258526957426
0.13668383890427097
0.14072710196944735
0.14488291851609492
0.14916509814157525
0.15357954175570018
0.15643450142945428
0.15707415759312246
0.15712648865396203
0.15717883695723978
0.15782150300400827
0.1607544398379052
0.16550816386438486
0.17039448579104574
0.17542742857114568
0.1806143881827281
0.1859553646257929
0.18940644879337304
0.19017935089669982
0.1902425779641696
0.19030582510986094
0.19108223211775785
0.19462411798621124
0.20036040870556543
0.2062640108028723
0.2123415749353472
0.2185931011029905
0.22501858930580232
0.22916459982591378
0.23009254016823802
0.23016844064436315
0.23024436379884267
0.23117626293142515
0.23542483398682792
0.24230785918961092
0.24937458007845256
0.2566249437165111
0.26405895010378705
0.2716765992402811
0.27658020998511035
0.2776781634653535
0.2777679863768409
0.27785783063272956
0.2789601549989514
0.2839754674984398
0.2920533896902023
0.30029504137672053
0.3087004225579957
0.3172695332340293
0.3260085057024791
0.3315979896627429
0.33284040441425905
0.3329418909055608
0.33304338718990917
0.3342875114401095
0.33992128345017836
0.3489065866608056
0.35796701076716864
0.36710255576926987
0.3763184436848694
0.3855199447861558
0.39125816153917437
0.39252206987700466
0.39262512744662886
0.39272816711116343
0.3939889498917786
0.39964619271079416
0.40849537436792305
0.41720720894204055
0.4257811942696436
0.43404905153439216
0.44187673375785785
0.4465917204854339
0.44761259810097526
0.4476955548874869
0.44777845429110075
0.4487893150046006
0.45324479345606267
0.45994334921778024
0.4661344013193573
0.47157210982025716
0.4762343446348962
0.48012110576327477
0.482175521867985
0.4825888609028964
0.4826219331191154
0.48265490424162627
0.4830505961061553
0.48463188841389837
0.48634022009647465
0.4871293978115055
0.4869994215589911
0.4859502913389312
0.4839703130659104
0.4822349134585842
0.48180860501361344
0.48177313450134107
0.4817375628837274
0.48129360523759457
0.4791009670799737
0.47499518609867486
0.47011384219211444
0.4644569353602923
0.4580950922326244
0.45127252697710113
0.446738609474369
0.4457103545437546
0.44562603495007647
0.44554165793516615
0.4445033794105715
0.439709780263435
0.43175733421675233
0.42337214552770963
0.4147587903184501
0.4060079456598045
0.39711961155177894
0.3914375783448475
0.3901712955170457
0.390067806746111
0.3899643000515273
0.3886948884267313
0.3829317973527187
0.3737004851013315
0.3645109221889606
0.35539644447235236
0.34635705195151595
0.3373927446264612
0.33177220901011817
0.33053101538905044
0.33042975830890076
0.33032851101714344
0.3290890260823496
0.323514648560053
0.314828032390552
0.30630514091558864
0.2979459741351671
0.2897505320492923
0.2817188146579686
0.2767330129551093
0.2756397811683366
0.2755506963701879
0.27546163551362685
0.2743725830302059
0.269501734639393
0.26193598948297747
0.25455389641955767
0.24735545544913584
0.24034066657171388
0.2335110460186734
0.2292935280896167
0.2283685095349661
0.22829314807127296
0.2282178092875877
0.22729674981184983
0.2231817998962626
0.21680552278608578
0.21060322039548174
0.20457489272445134
0.19872050864485563
0.1930280218188847
0.18951364771792248
0.18874333662913037
0.1886805871194445
0.18861785768948303
0.1878510517675989
0.184427486163909
0.17913010919245773
0.1739867605804653
0.168997308923717
0.1641487437681546
0.15943245204669565
0.15652315122242846
0.15588572229909892
0.15583380152425957
0.15578189799308975
0.1551474791678074
0.1523161610723196
0.14793917399247875
0.14369445283240292
0.13957087365374887
0.13555931204673968
0.13165976801137455
0.12925565265043337
0.12872905635570409
0.1286861656481995
0.12864328954373286
0.12811924239181477
0.12578116777418086
0.12216896852773364
0.11866048080880774
0.11524626212756624
0.11192633286017899
0.10870069300664649
0.10671288707727894
0.10627756903587071
0.10624211430324594
0.10620667186254885
0.10577349953076431
0.10384128258521068
0.10085168169774865
0.09794133866336137
0.09511017592765081
0.09235819349061725
0.08968539135226004
0.08803881377530387
0.08767828084233609
0.08764891796738027
0.08761956541467023
0.08726070564986946
0.08565701218156027
0.08317090956240643
0.08075124032772649
0.0783980044775207
0.0761112020117885
0.07389076877515563
0.07252025065402314
0.07221961315479075
0.07219511942578372
0.07217063295831098
0.07187126305066649
0.07053358447477313
0.06846010284455445
0.06644232328441142
0.06448024579434354
0.06257387037435104
0.06071840756197908
0.059571058930119276
0.059319376892785866
0.05929887170874096
0.05927837260596256
0.05902775212971032
0.05790790540263078
0.05617209005141711
0.054482923124112285
0.05284040462071649
0.05124120689381374
0.04968098500276161
0.04871607958760058
0.04850440434134847
0.04848715838889334
0.04846991751711499
0.04825912916650679
0.047317200591757494
0.04585695146035938
0.0444356753891973
0.04305109812459059
0.041699022939094395
0.0403793724651919
0.03956296873185083
0.039383841229609196
0.03936924658030022
0.03935465615800034
0.03917626653303324
0.038378979015333534
0.037142503634158615
0.03593693204792712
0.03475834213443694
0.03360654821689351
0.03248155029529697
0.03178513304368639
0.031632285271508784
0.03161983104498859
0.031607380311696624
0.03145514232617512
0.030774522841504344
0.029717273319172042
0.028682249740437094
0.027669139099412782
0.026677941396099226
0.02570865663049621
0.025108027239408078
0.024976138149045122
0.02496539061802271
0.02495464594365444
0.02482325551798149
0.024234928539821666
0.023317406238187687
0.022417514336190467
0.021535252833830135
0.02067062173110651
0.019823621028019676
0.0192975044751962
0.019181693763163477
0.019172251767422203
0.01916281157393525
0.019047315467922057
0.01852937686682513
0.017720225859382942
0.016924899656959914
0.016143398259555866
0.015375721667170899
0.014620850176684989
0.014149702384954579
0.014045878794420477
0.01403741237242656
0.014028947304870636
0.013925360148419205
0.01346033766378971
0.012732205193099734
0.012014462399942971
0.011307109284319522
0.01060944107589791
0.009919176241762858
0.00948713311886297
0.009391802919952872
0.009384027108165185
0.009376252239059192
0.009281086597021721
0.008853306655508588
0.008181591021372248
0.007517106547917944
0.006859380401751626
0.006206198379420035
0.005557280064981139
0.005149811133375384
0.005059765368490761
0.005052418376201422
