1079
0.001888377749855404
0.001895955481130719
0.0019679535536347385
0.0021679342431263062
0.0024354166275146545
0.0027031388143456785
0.0029711008036193585
0.003239302595335682
0.0035077441894946306
0.0037087562640933623
0.00378119260389991
0.0037888195279595946
0.0037964470358931583
0.0038689374819717783
0.004070470083650674
0.004340451142238984
0.0046111577006149726
0.004882589758778592
0.005154747316729789
0.005427630374468516
0.005632283335005791
0.005706096693327266
0.005713869585856866
0.005721643062260347
0.0057955202088031624
0.006000902728875932
0.00627602917602826
0.006551881122967912
0.006828458569694837
0.007105761516208987
0.007383789962510309
0.007592292841439936
0.007667499360863788
0.007675420807961293
0.007683343244739628
0.00775865575446523
0.007968215283908734
0.008249365037806338
0.008531744531991113
0.008815353766462973
0.00910019274122183
0.00938626145626761
0.009601110072026157
0.00967866495109364
0.009686833818398787
0.009695003675384761
0.009772666677082957
0.009988751914502776
0.01027862323071891
0.010569724287221619
0.010862055084010811
0.011155615621086412
0.011450405898448335
0.011671779040622526
0.011751703479491825
0.011760124037030327
0.011768546015275532
0.011848625666351437
0.012071624204606994
0.012371203252947136
0.0126725476181517
0.012975657300220569
0.013280532299153628
0.01358717261495075
0.013817763742769142
0.013901062360042047
0.013909838094254612
0.013918615249173873
0.014002069078653302
0.014234435401686764
0.01454653442778619
0.01486039877074919
0.015176028430575642
0.015493423407265425
0.01581258370081843
0.01605254349209012
0.01613925307647707
0.016148390312472245
0.016157529436338424
0.01624444527063447
0.016486644228475886
0.01681239190724844
0.01714048538375683
0.017470924658000868
0.017803709729980424
0.018138840599695324
0.018391128782742957
0.018482322060804926
0.018491931264555356
0.018501542356176813
0.018592941884147784
0.018847588991533628
0.0191899735336774
0.01953470387355586
0.01988178001116887
0.020231201946516255
0.020582969679597867
0.02084771657153802
0.020943452413929867
0.020953542486237053
0.020963634961442015
0.02105963332041556
0.02132729189488826
0.021687625561773685
0.022050944979322723
0.022417250147535185
0.02278654106641086
0.023158817735949543
0.02343931795929709
0.023540760683898453
0.023551451480648744
0.02356214468029679
0.02366384992147972
0.02394735260313845
0.024328861806640942
0.024713356760805636
0.025100837465632332
0.025491303921120832
0.02588475612727093
0.026181131838787498
0.026288368306518428
0.026299671992904738
0.026310978657796094
0.02641854052720301
0.026718575378972615
0.027122804900742672
0.02753073540118519
0.027942366880299933
0.028357699338086656
0.028776732774545125
0.029092685455349987
0.029206995872557363
0.02921904418520435
0.029231095476356373
0.02934573129523959
0.02966540566463357
0.030095883262089635
0.030530061838216452
0.030967941393013766
0.031409521926481346
0.031854803438618934
0.03219046403864411
0.03231197093801375
0.03232478018799978
0.032337593066567215
0.03245949638845552
0.03279965519333619
0.0332582161675448
0.03372128588093643
0.03418886433351078
0.03466095152526759
0.03513754745620654
0.035497098250566565
0.0356272230307742
0.035640939426111594
0.0356546594500304
0.03578518065275648
0.036149265416278144
0.036639803264118906
0.037134849851140635
0.037634405177343025
0.03813846924272579
0.03864704204728865
0.039030647347073524
0.0391695579064043
0.039184203003505606
0.039198852468789985
0.039338240252123305
0.03972729135009628
0.040251999837881816
0.04078213606616697
0.04131770003495143
0.04185869174423483
0.04240511119401685
0.04281750688620858
0.042966791880375055
0.04298252902324852
0.04299827053430508
0.0431480327524739
0.04356588655768657
0.04412908965893728
0.044697720500685226
0.04527177908293003
0.045851265405671374
0.04643617509777088
0.04687759895084739
0.047037483611610004
0.047054340946111065
0.04707120349398552
0.04723165771579021
0.04767959576036748
0.04828392422917523
0.04889473064024615
0.049512014993579795
0.05013577728917578
0.05076601752703372
0.05124181706084694
0.05141408348339112
0.0514322441612376
0.05145041005245744
0.05162324603604344
0.05210555976135461
0.05275583108308396
0.053412580347073656
0.05407580755332332
0.05474551270183259
0.05542168697738864
0.055932228940199905
0.05611717400942999
0.056136674358511815
0.05615618088798556
0.056341801165033636
0.056860065624125995
0.057559435164108066
0.058266484227332695
0.05898121281379952
0.05970362092350799
0.06043370855645776
0.06098500247852933
0.06118462597858256
0.0612056714256458
0.06122672305310091
0.06142702176097191
0.06198603817932142
0.06273987242314213
0.06350138619020229
0.06427057948050148
0.06504745229403928
0.06583201168121669
0.0664246040917426
0.0666392909819384
0.06666192784429882
0.06668457199091446
0.066900054685991
0.06750174888720781
0.06831382063518406
0.06913494352551328
0.06996511755819507
0.07080434273322882
0.07165261905061417
0.07229324201886851
0.07252522901516505
0.07254968694132552
0.0725741521517412
0.07280693495291825
0.07345665971186012
0.07433292395878345
0.07521823934805641
0.0761126058796785
0.07701602355364925
0.07792854710608421
0.07861797121906978
0.07886774913026968
0.0788940863543193
0.07892043211405357
0.0791711425488005
0.07987123213311449
0.08081616783945977
0.0817717096674502
0.08273785761708528
0.08371461168836457
0.08470197188128753
0.08544767816486416
0.08571772832708223
0.08574619947229162
0.08577467915318565
0.08604566183895038
0.08680203359385193
0.08782219002107425
0.08885295256993822
0.08989432124044339
0.09094629603258927
0.09200902671956543
0.09281205601279216
0.09310299179645092
0.09313366877511764
0.09316435568889558
0.09345637688346116
0.09427182025346231
0.09537244544844757
0.0964854156401357
0.09761073082852634
0.09874839101361899
0.09989839619541328
0.1007669351286038
0.1010814668015382
0.10111462755802336
0.10114779824961982
0.10146341533346069
0.10234436834342246
0.10353254670650389
0.104733070066285
0.10594593842276538
0.10717115177594466
0.10840902269447829
0.10934442190299026
0.10968329603675504
0.10971902717048129
0.10975476976559374
0.11009489605579711
0.11104461644540714
0.11232635967168719
0.11362234438661396
0.11493257059018719
0.11625703828240656
0.11759574746327178
0.11860672018680847
0.11897281511271456
0.11901141159298205
0.11905001953463568
0.11941736661698019
0.12044266052161276
0.12182540721346603
0.12322239539396387
0.12463362506310599
0.12605909622089212
0.12749937592476884
0.12858759447480478
0.12898178330626192
0.12902334538164778
0.1290649205073537
0.1294605350862685
0.13056506021502842
0.13205542468023942
0.13356200498366844
0.13508480112531562
0.13662381310518099
0.13817904092326458
0.1393533100206578
0.13977849336206366
0.1398233180174442
0.13986815572314465
0.14029476481200812
0.1414853404881258
0.14309071089814698
0.14471229714638661
0.14635009923284484
0.14800411715752154
0.14967528669801503
0.15093754025832387
0.151394671087552
0.15144286653579667
0.15149107653901048
0.1519497974986381
0.15323023772054692
0.15495734571795922
0.15670253917445218
0.15846581809002658
0.16024718246468347
0.16204663229842356
0.16340485768776958
0.16389655656916352
0.16394839075974135
0.16400023950528855
0.16449352851708246
0.16586994056803453
0.1677253142327041
0.1695987733564603
0.17149031793930405
0.17339995055240043
0.17532908777407186
0.17678525681254903
0.17731242437913863
0.17736799798163158
0.1774235872564472
0.17795246702428885
0.1794282188748258
0.18141757307828713
0.18342640112219488
0.18545470300655142
0.1875024787313593
0.1895697282966211
0.19112923671276075
0.19169362604571472
0.1917531177288777
0.19181262508436328
0.19237872661857075
0.19395781784678812
0.1960852843938946
0.19823222478146524
0.20039863900950247
0.20258473478429453
0.20479186526735838
0.2064561469662999
0.20705829773654272
0.20712176502239582
0.20718524811667707
0.2077891259577114
0.2094731605348171
0.21174103095150582
0.2140285443283924
0.21633570066548277
0.21866249996278259
0.22100894222029766
0.2227774607434125
0.22341715653089864
0.2234845759238301
0.22355201112518994
0.22419343398347114
0.2259817053847913
0.22838888757605846
0.23081571272756474
0.2332621808393157
0.23572905052436685
0.2382163862505812
0.2400887289932496
0.2407654865109376
0.24083679682783438
0.2409081209891987
0.2415863910149909
0.2434760326364624
0.24601656226897994
0.24857429451801005
0.2511492293835646
0.2537413668656554
0.2563507069642945
0.25831433666652776
0.25902397479525546
0.259098746229104
0.25917353150742034
0.25988468214425975
0.2618656107253813
0.26452814473058583
0.2672078813523876
0.26990482059079857
0.2726207828771547
0.27535197717154253
0.27740186222374436
0.27814153714162226
0.27821943856389797
0.278297347777527
0.27903787390074436
0.2810974943705382
0.2838586249918463
0.2866294368565375
0.28940992996463344
0.29220010431615584
0.29499995991112626
0.2971012191989708
0.29785939858089266
0.29793924784148945
0.2980191048934397
0.2987781354807145
0.30088913018630514
0.30371892210867
0.30655839527457124
0.3094075496840306
0.3122694185823051
0.3151320163566235
0.31726951330079783
0.31803849986412425
0.31811941754963186
0.31820032985065816
0.3189687281594033
0.32109949711006924
0.32394140636113844
0.32677662505772853
0.3296051531998677
0.3324269907875846
0.33524213782090734
0.3373441308419858
0.3381003292624238
0.3381799008276281
0.3382594670083513
0.3390150771742256
0.3411103422019975
0.34390480071269186
0.346692568669108
0.3494736460712742
0.3522478770460563
0.3549932613197056
0.35702509670310223
0.35775225929718635
0.35782865844082035
0.3579050301011547
0.35862919014477124
0.3606266847160421
0.36326647128227024
0.36587210813118026
0.36844359526276843
0.37098093267702853
0.37348412037395684
0.3753347377513447
0.3759966275091371
0.37606615582789815
0.3761356566633598
0.37679454387068145
0.3786108204359107
0.3810084104253145
0.3833718506973677
0.38570114125206467
0.3879799793879102
0.39019574449219335
0.391814034891262
0.39238862171803296
0.39244884869075647
0.39250902692992884
0.3930782896161708
0.39463568668086024
0.3966642052959131
0.39863216942706425
0.40053957907431276
0.402386434237659
0.4041727349171029
0.4054696884592889
0.4059285331006424
0.40597657668542775
0.4060245715366611
0.40647809203748514
0.40771415224529184
0.4093132064355062
0.41084739286269695
0.4123027144500926
0.41367942067488433
0.4149775115370721
0.41589736088506524
0.41621789964079714
0.41625130840157276
0.41628465389360964
0.41659828053959697
0.4174390746095346
0.41849407115898923
0.41947045234583985
0.4203682181700864
0.4211873686317289
0.4219279037307674
0.42243057483044677
0.42260085033086187
0.4226184419068675
0.42263597021413396
0.4227993336048046
0.4232206216335151
0.42370065336624363
0.42409422398884705
0.42440133350132575
0.42462198190367945
0.4247561691959084
0.4248000231297266
0.42480396149730043
0.42480401075204977
0.4248039904238925
0.42480032685894303
0.42475723586399033
0.424624068234131
0.42440443949414686
0.4240983496440378
0.42370579868380404
0.4232267866134454
0.42280625033194424
0.4226431520544634
0.4226256514902142
0.42260808762605745
0.4224380738336805
0.42193611457232416
0.42119649698683925
0.42037822531002056
0.41948129954186836
0.41850571968238204
0.41745148573156227
0.4166112369285205
0.41629780137068767
0.4162644758295591
0.4162310869885233
0.41591073591579397
0.414991392889249
0.4136939448687729
0.41231784275696304
0.4108630865538193
0.40932940296424436
0.40773079429137893
0.40649504316980273
0.40604162891128354
0.4059936450867163
0.4059456124987433
0.4054868708381294
0.4041901890789546
0.4024042192097742
0.4005576577610515
0.3986505047327867
0.39668276012498005
0.39465442393763084
0.3930971391084091
0.39252791176088003
0.3924677370848384
0.3924075136453904
0.39183295889576697
0.39021474342894685
0.387999046045283
0.38572024021448653
0.38339096487896385
0.38102752713930904
0.37862992699552217
0.3768136345349051
0.37615473986235193
0.37608523818747314
0.37601570901908493
0.37535381068059814
0.37350316465004013
0.3709999275686545
0.36846252808313684
0.3658909661934887
0.36328524189970884
0.36064535520179797
0.3586477774116769
0.35792358565361587
0.3578472106013154
0.3577708080555045
0.35704361263151013
0.3550116812714484
0.35226615763594094
0.3494917799394849
0.34671055830183606
0.3439226434209118
0.34112803529671293
0.33903265656540416
0.33827700507593617
0.3381974345339999
0.3381178586054184
0.337361618624967
0.33525950919636904
0.3324442042348176
0.32962220602999603
0.32679351458190564
0.3239581298905476
0.3211160519559227
0.3189851550331299
0.3182167102614225
0.3181357930581978
0.318054870468328
0.3172858372056378
0.31514820958556344
0.3122854348136102
0.30942338804989905
0.30657405715983066
0.30373440793273115
0.30090444036860137
0.29879331451744595
0.2980342367504322
0.2979543747339662
0.297874520509191
0.2971162939844126
0.2950149039728295
0.29221487403320645
0.2894245257565563
0.28664385914287993
0.28387287419217805
0.28111157090445144
0.2790518215154314
0.2783112490144011
0.2782333349206701
0.2781554286186299
0.27741570735983506
0.27536569381039305
0.2726343281471911
0.26991819630870617
0.2672210896737544
0.26454118721539055
0.26187848893361504
0.2598974384566324
0.25918624412811625
0.25911145425726734
0.25903667823214166
0.25832699654889874
0.25636324651955034
0.25375374696822117
0.2511614515934819
0.24858636039533338
0.24602847337377592
0.24348779052881003
0.24159803529000967
0.24091972455439375
0.24084839611437636
0.2407770815200823
0.24010028342973982
0.238227828638577
0.23574034452406703
0.23327332811047688
0.23082671476386693
0.22839974582515216
0.22599242129433286
0.22420404433754537
0.22356258365781972
0.22349514448137187
0.22342772111451742
0.22278798763287028
0.22101936501005773
0.21867278488946895
0.21634584917677632
0.21403855787197998
0.21175091097508053
0.20948290848607765
0.20779877603575658
0.20719486314035104
0.2071313763622525
0.20706790539374775
0.20646571969642058
0.20480134158007623
0.20259408350130884
0.20040786157209867
0.19824132264219524
0.19609425900660493
0.1939666706653272
0.19238748925829852
0.1918213554420064
0.1917618446945492
0.19170234962058508
0.19113792813337363
0.1895783310004124
0.18751096413658533
0.18546307256707134
0.18343465629187097
0.1814257153109841
0.1794362496244107
0.17796041531008688
0.17743150603903432
0.1773759136647604
0.17732033696397917
0.1767931400220077
0.17533688998175173
0.17340764577263099
0.17149790770821627
0.16960625901524826
0.16773269712206942
0.16587722202867994
0.16450073496289327
0.16400741911540356
0.16395556755071097
0.16390373054206667
0.16341200494285588
0.16205370588688187
0.16025415877014587
0.15847269845319917
0.15670932493604203
0.1549640382186743
0.153236838301096
0.15195633017891286
0.15149758494618093
0.15144937239356804
0.1514011743970035
0.15094401941255045
0.14968169930018035
0.14801044197826027
0.1463563374490892
0.14471844990022983
0.1430967793316822
0.1414913257434463
0.140300688578116
0.13987405749810705
0.13982921748237465
0.13978439051788139
0.13935918528574653
0.13818485584762497
0.13662954838290614
0.13509045789849916
0.13356758439440386
0.1320609278706203
0.13057048832714852
0.12946590776978
0.12907027338268617
0.12902869617673432
0.1289871320220216
0.1285929234828019
0.12750465065264216
0.12606429939952796
0.12463875775685364
0.12322745863254074
0.12183040202658936
0.12044758793899943
0.11942224428053125
0.11905487941859022
0.11901626960975084
0.1189776712631263
0.11861155864815959
0.1176005372062656
0.11626176381375071
0.11493723293959718
0.11362694458380507
0.11233089874637436
0.111049095427305
0.11009933074811996
0.10975918864648948
0.10972344439136697
0.1096877115984593
0.10934882174380309
0.10841337928119216
0.10717545147521339
0.10595018217341327
0.104737258708067
0.10353668107917458
0.102348449286736
0.10146745684871776
0.10115182567846663
0.10111865350763825
0.10108549127259692
0.10077094558708606
0.09990236807029125
0.09875231205582333
0.09761460187780913
0.09648923753624869
0.095376219031142
0.09427554636248903
0.09346006802063656
0.09316803434473894
0.0931373461206846
0.09310666783241736
0.09281571964125998
0.09201265622063085
0.09094988066190474
0.08989786161359567
0.08885644921576849
0.08782564346842314
0.08680544437155957
0.08604904103596228
0.08577804704768581
0.08574956617928813
0.08572109384700063
0.08545103242876806
0.08470529509629407
0.08371789386900542
0.08274109929219853
0.0817749113658734
0.08081933009002996
0.07987435546466821
0.0791742371059747
0.07892351637952136
0.07889716953868399
0.07887083123395684
0.07862104307754736
0.07793159072197701
0.07701902968640811
0.07611557477368844
0.07522117134314897
0.07433581939478974
0.07345951892861073
0.07280976729170656
0.07257697485597231
0.07255250863282856
0.07252804969421349
0.07229605309323862
0.07165540358875316
0.07080709210293269
0.06996783209929237
0.06913762357783218
0.06831646653855208
0.06750436098145206
0.06690264170559629
0.06668715002550032
0.06666450493452901
0.06664186712808638
0.06642717128274979
0.0658345541393126
0.06504996197224105
0.06427305672108492
0.06350383134560782
0.06274228584580988
0.06198842022169096
0.06142938055426423
0.061229073520651885
0.06120802101829203
0.061186974696607735
0.06098734290180062
0.060436026085062725
0.059705908161625125
0.05898347011386652
0.05826871194178691
0.05756163364538627
0.056862235224664624
0.0563439493867301
0.05615832145757937
0.0561388141241102
0.0561193129713166
0.0559343602809711
0.05542379729372528
0.05474759525741293
0.054077862656610895
0.05341460829649118
0.052757832177053786
0.052107534298298674
0.05162520089748332
0.051452357867911656
0.051434191236269966
0.051416029818241844
0.051243756375950134
0.05076793746672373
0.05013767159461735
0.04951388396319321
0.04889657457245127
0.04828574342239158
0.047681390513014066
0.047233434376520195
0.04707297367912118
0.047056110450866086
0.04703925243622454
0.04687936132610547
0.046437919681200465
0.0458529864236065
0.04527347678895473
0.04469939514946568
0.04413074150513942
0.043567515855975854
0.043149645346367144
0.04299987714637406
0.042984135006727785
0.04296839723546956
0.042819106281869725
0.04240669414137182
0.04186025293115112
0.04131923971609312
0.040783654496197794
0.040253497271465113
0.039728768041895096
0.03933970159091836
0.039200308312517834
0.0391856582698813
0.0391710125956328
0.039032096563625523
0.03864847616625894
0.03813988338032573
0.03763579955329384
0.03713622468516325
0.03664115877593397
0.03615060182560596
0.03578650291279318
0.035655976643772576
0.03564225608748795
0.035628539159961566
0.03549840933277785
0.03513884461007592
0.034662230256066705
0.034190124860958744
0.03372252842475201
0.033259440947446504
0.0328008624290422
0.03246069064082476
0.032338782672606245
0.032325969305879755
0.0323131595679115
0.032191648041529866
0.031855974686181926
0.03141067631723753
0.030969079101786232
0.03053118303982797
0.030096988131362766
0.029666494376390594
0.02934680803184743
0.02923216792361557
0.029220116181691812
0.029208067418413773
0.02909375272722864
0.02877778824707463
0.02835873919368372
0.027943391293785817
0.027531744547380905
0.027123798954468977
0.026719554515050026
0.0264195086158321
0.026311942791224494
0.02630063571073486
0.02628933160889097
0.026182091201330072
0.025885704607411512
0.025492237946057386
0.02510175714242256
0.02471426219650704
0.024329753108310807
0.023948229877833866
0.023664716770833788
0.02356300778923348
0.023552314196309612
0.023541623006369666
0.023440176550763685
0.023159666009730528
0.022787375644257833
0.022418071136504396
0.022051752486470212
0.021688419694155258
0.021328072759559544
0.021060404327846463
0.020964402433079378
0.02095430958613795
0.020944219142180448
0.020848479773407688
0.020583723113733948
0.020231942385529902
0.019882507537854026
0.019535418570706328
0.019190675484086775
0.018848278277995394
0.01859362174925238
0.01850221883916113
0.01849260739187683
0.01848299783253017
0.01839180117962736
0.018139503658478977
0.017804360380829228
0.01747156298370762
0.017141111467114136
0.016813005831048774
0.016487246075511525
0.01624503813565828
0.01615811907748941
0.01614897961461799
0.016139842039684223
0.016053129238703782
0.01581316055001216
0.015493988430530247
0.01517658170105498
0.01486094036158636
0.014547064412124357
0.014234953852668994
0.014002578947905868
0.013919122037407765
0.013910344558479785
0.013901568500317374
0.013818266808456743
0.013587667172460773
0.013281015549479785
0.01297612931650541
0.012673008473537646
0.012371653020576485
0.01207206295762192
0.011849056225772491
0.011768973633480269
0.011760551345942383
0.01175213047917006
0.011672203105515307
0.011450821845470693
0.011156020765570655
0.010862449478596367
0.010570107984547824
0.010278996283425023
0.009989114375227957
0.009773021247030373
0.009695355410375266
0.009687185255195178
0.009679016089738288
0.009601458380342081
0.009386601926739308
0.009100522782482811
0.008815673431152039
0.008532053872746989
0.00824966410726766
0.00796850413471405
0.007758936993824139
0.007683621749753785
0.007675699025372093
0.0076677772907135944
0.007592568041355256
0.007384057593538658
0.007106019055714862
0.006828706045410481
0.006552118562625501
0.00627625660735993
0.0060011201796137635
0.0057957302099294295
0.005721850383917398
0.005714076625581696
0.005706303451142192
0.005632487415789782
0.0054278270335281
0.005154934080948306
0.004882766655887907
0.004611324758346904
0.004340608388325295
0.0040706175458230754
0.0038690776416936013
0.0037965845691515657
0.0037889567848653372
0.0037813295844753075
0.0037088906194905785
0.0035078712591349857
0.0032394199358806376
0.0029712084245262236
0.002703236725071993
0.002435504837517766
0.002168012761863516
0.0019680248272910834
0.001896024146481519
0.0018884461406876696
