1079
0.0017912675583642266
0.0017984556728767363
0.0018667519187807878
0.0020564507354382303
0.0023101812922048516
0.002564140007991326
0.002818326882797653
0.003072741916623833
0.003327385109469865
0.003518065233125438
0.0035867784378088596
0.0035940133482858633
0.003601248814549293
0.0036700134638998913
0.003861188789076213
0.00411729691432437
0.004374095638943703
0.0046315849629342135
0.004889764886295899
0.005148635409028761
0.0053427809871290175
0.005412804909574723
0.005420178766658273
0.005427553179528248
0.005497637821641014
0.005692477863564938
0.005953483856693777
0.00621518044919379
0.006477567641064978
0.006740645432307343
0.007004413822920882
0.007202224117768737
0.0072735740309026985
0.007281089278307516
0.007288605468320231
0.007360056286009816
0.007558872268600616
0.007825612220678678
0.008093523421980423
0.008362605872505858
0.008632859572254984
0.008904284521227795
0.009108138021338178
0.009181724552867969
0.00918947545224677
0.009197227294233466
0.009270916805675891
0.00947594810908049
0.00975099479324144
0.010027212726626078
0.010304601909234403
0.010583162341066413
0.010862894022122111
0.011072961628317142
0.011148804706579099
0.011156795298978079
0.011164787245753564
0.011240778289649065
0.011452394182317022
0.011736688361836653
0.012022665438816443
0.0123103254132564
0.012599668285156528
0.012890694054516818
0.013109548052677443
0.013188607775146747
0.013196936961672815
0.013205267502575398
0.013284475190678238
0.013505021503448187
0.01380125112594771
0.014099163645907402
0.014398759063327255
0.014700037378207267
0.01500299859054745
0.01523078346849738
0.015313094540536708
0.015321768325385126
0.015330443912419408
0.015412951873265728
0.015642872644674677
0.01595211754844893
0.016263601780811147
0.0165773253417613
0.016893288231299392
0.017211490449425427
0.01745104252454474
0.01753763378804034
0.017546758119357825
0.0175558842528612
0.017642672405163786
0.01788447633969471
0.018209603006504035
0.01853696900190131
0.018866574325886527
0.019198418978459687
0.019532502959620782
0.01978394735747942
0.0198748746224468
0.019884457979324976
0.019894043634456304
0.019985221983579222
0.020239449181058997
0.020581718249290393
0.02092684304068926
0.021274823555255565
0.021625659792989336
0.021979351753890566
0.022245861354804355
0.022342246970979567
0.02235240489114279
0.022362565109559147
0.02245920180988993
0.022728583114012546
0.023091105538041487
0.023456483685237884
0.02382471755560173
0.02419580714913303
0.024569752465831766
0.0248514443761121
0.024953371167814358
0.024964115300255357
0.024974862289167264
0.025077101150317572
0.02536229991568261
0.025746568567224324
0.026134386562413976
0.02652575390125157
0.026920670583737125
0.02731913660987061
0.027619601025319275
0.027728311935457325
0.027739770185628402
0.02775123129227039
0.027860254271856486
0.02816428789235246
0.02857372919387958
0.028986719839054646
0.029403259827877636
0.029823349160348574
0.03024698783646745
0.030566349541276842
0.030681962305392982
0.03069415040820382
0.03070634200399887
0.030822336376638625
0.031146025921170363
0.03158242856836643
0.03202317146673998
0.03246825461629107
0.03291767801701964
0.033371441668925694
0.0337137985396796
0.03383770714126591
0.03385076849012626
0.0338638333319708
0.033988123542080764
0.034334844951167905
0.03480202952160863
0.03527355434322685
0.035749419416022554
0.03622962473999576
0.03671417031514644
0.03707967790593322
0.03721204540560114
0.03722600101688425
0.0372399608548846
0.03737279012340966
0.03774356578544462
0.03824369563119981
0.0387490774372802
0.03925971120368585
0.0397755969304167
0.04029673461747278
0.040690098847009346
0.040832504800093025
0.04084751709068305
0.04086253360799032
0.04100540132993112
0.04140404690868612
0.041941424700010256
0.0424840544516596
0.04303193616363416
0.04358506983593393
0.04414345025746445
0.04456489678004495
0.04471756312103511
0.044733659933240584
0.04474976182564577
0.044902983178456785
0.0453307774899822
0.045908039357457624
0.04649161369061419
0.04708150048945191
0.04767769975397076
0.04828021148417075
0.04873515557374289
0.0488998873890997
0.04891725425123849
0.04893462619357701
0.049099913020754685
0.04956120489927173
0.05018323602689709
0.050811579620203565
0.05144623567919118
0.05208720420385991
0.0527344707903102
0.053223267136057316
0.05340036267922949
0.05341903623923139
0.053437715879971995
0.05361547574385345
0.05411187006768946
0.05478190209002111
0.05545948981030496
0.05614463322854105
0.05683733234472936
0.057537587158869856
0.058066478375798446
0.05825801567351944
0.05827820941821065
0.058298409243640596
0.058490610862070816
0.059027100057088285
0.05975071858971932
0.06048189282030253
0.06122062274883794
0.06196690837532555
0.06272074268489537
0.06329027429577616
0.06349665097727289
0.06351841295915575
0.06354018220211916
0.06374735215666227
0.06432595660110248
0.06510714388232525
0.065897353509907
0.06669658548384777
0.06750483980414751
0.06832211647080622
0.06893952583134112
0.06916314757906396
0.06918672483107591
0.06921030934416839
0.06943472436493761
0.07006120655903196
0.07090638211230425
0.07176058001193551
0.07262380025792574
0.07349604285027495
0.07437733530775449
0.07504342080355975
0.07528481352344456
0.07531026874692705
0.07533573263012279
0.07557807142368143
0.07625497736651517
0.07716906301335924
0.07809390889516295
0.07902951501192633
0.07997588136364937
0.08093300795033208
0.08165619343045628
0.08191815296933748
0.08194577312113538
0.08197340193264656
0.08223630754520156
0.0829703134723542
0.08396071284231638
0.08496187244723817
0.08597379228711963
0.0869964723619607
0.08803001959879393
0.08881143899785687
0.08909465689857117
0.08912452349497
0.0891544004124731
0.08943874589382772
0.09023306167392962
0.09130586923787178
0.09239150141892487
0.09348995821708876
0.09460123963236353
0.0957253456647492
0.09657481984502021
0.09688255036834971
0.09691499724081334
0.09694745443438123
0.097256312538351
0.09811868309966093
0.09928244539488582
0.10045903230722154
0.10164844383666809
0.10285067998322546
0.10406599911326543
0.10498510192628166
0.10531824757112332
0.10535338005937585
0.10538852483822608
0.10572301323086088
0.10665747333768047
0.10791972194477593
0.10919724238761293
0.11049003466619149
0.11179809878051156
0.11312143473057318
0.11412157867183914
0.11448391448609771
0.1145221196237626
0.11456033705202513
0.11492401561407688
0.11593951684914615
0.11731007634802548
0.11869590768264629
0.1200970108530086
0.12151338585911241
0.12294555920018647
0.12402888347942573
0.12442157370615536
0.12446298617520794
0.12450441324534864
0.12489869864095511
0.12600026720793855
0.12748836460162868
0.12899460475987212
0.13051898768266876
0.13206151337001876
0.13362218182192193
0.13480178202593213
0.13522914983693946
0.1352742125780213
0.13531928992019127
0.13574825290007536
0.13694609739182956
0.13856286687454994
0.14019777912182355
0.14185083413365035
0.1435220319100303
0.1452123498449363
0.14649105593202855
0.14695457049036015
0.1470034520112601
0.14705235077306653
0.14751774890044503
0.1488179977697321
0.15057449718913685
0.1523524195125578
0.15415176473999467
0.15597253287144777
0.1578147239069169
0.15920711222195028
0.15971157393347396
0.15976476568102563
0.15981797466948386
0.16032431995005444
0.16173825104728265
0.1636466859561632
0.1655765437690598
0.1675278244859724
0.169500527919244
0.17149636896885267
0.17300602613733926
0.17355320993220016
0.17361091362377548
0.17366863739104213
0.17421801445517926
0.17575275651364802
0.1778257333882166
0.17992365556397627
0.182046523040927
0.18419433581906894
0.18636709389840186
0.18800912515650478
0.18860398871824172
0.18866671133264606
0.18872945402274174
0.18932651085375496
0.19099362700184017
0.19324352090613292
0.19551836011161683
0.19781814461829184
0.20014299024570117
0.20249541334918245
0.20427398662880952
0.20491847401631327
0.20498643383383885
0.20505441632562998
0.20570138087663484
0.2075082860052355
0.2099478293051678
0.21241554679707172
0.2149114384809472
0.21743550435679426
0.2199877444246129
0.22191582614209543
0.222614164910059
0.22268779329394875
0.222761444352104
0.22346226028356864
0.2254186738500249
0.22805803411429487
0.23072556857053664
0.23342127721874997
0.23614585551194286
0.23890172922495348
0.24098319914282637
0.24173700146208094
0.24181647472980325
0.2418959719318436
0.24265238907533312
0.24476376529744706
0.24761160064356613
0.2504891758756216
0.2533964909936137
0.2563335459975424
0.2593003408874078
0.26153962771420425
0.2623502740385687
0.26243573088577626
0.2625212116673018
0.2633344728159013
0.2656036659469389
0.2686624224699135
0.271750918878825
0.2748691551736733
0.2780194175470216
0.28120118798443894
0.28359921273936844
0.28446659183734857
0.2845580069080275
0.2846494433135129
0.28551915323909416
0.28794383616799907
0.2912075802653752
0.2944978341931509
0.2978145979513264
0.301157871539902
0.3045276549588773
0.3070663560936256
0.3079844053568485
0.30808115412913195
0.3081779242362219
0.309098304327046
0.3116636636357703
0.3151154207147065
0.3185936876240429
0.32209846436377976
0.3256351750653528
0.32919347016469397
0.33186383050534357
0.33282733303949685
0.332928805704157
0.33303028814886976
0.33399485915375854
0.3366774398228178
0.3402733123288701
0.34388133716140484
0.3475015143204226
0.35113384380592305
0.35477832561790695
0.35751317317971903
0.3584999033385566
0.3586038210163415
0.3587077484741789
0.35969554710375207
0.36244261499397523
0.3661246742126741
0.36981888575785693
0.37352524962952366
0.3772501220449445
0.3809636250764474
0.3837276027951737
0.3847201046283696
0.38482448441191935
0.38492884627287327
0.38591939006246184
0.3886609732175198
0.3923056131547703
0.3959279831464022
0.39952808319241595
0.4031059132928123
0.40666147344759007
0.4093072740493343
0.410257209717172
0.41035710885173654
0.410456990063705
0.4114049676879359
0.414028373726013
0.4175150707865407
0.42097949790145167
0.424421655070745
0.42782742231215876
0.43116326376271696
0.4336125853995003
0.4344850248202692
0.43457655921799254
0.4346680362193778
0.4355342050901387
0.43791180910484145
0.44102711947285606
0.4440711113027079
0.447043784594398
0.44994513934792507
0.45277517556329083
0.4548460400914713
0.45558216320772
0.45565934852075757
0.45573647643745574
0.45646632900369677
0.4584654759097976
0.46107498104261835
0.4636052732241897
0.4660153156269059
0.46829978383521126
0.4704586778491061
0.4719918905823965
0.4725269164536235
0.47258270439788513
0.4726383912814802
0.4731623762748929
0.47456931212632597
0.4763399057943839
0.47798492526803127
0.47950437054726824
0.4808982416320942
0.4821665385225099
0.48303338248610483
0.4833283892744084
0.48335891205204656
0.4833893337690182
0.48367329967950745
0.4844064610001569
0.4852320917878588
0.48590891353068744
0.4864369262286425
0.48681612988172457
0.4870465244899333
0.48712158558268803
0.48712821398610184
0.4871282829737915
0.4871282322016744
0.48712177684620106
0.4870471961891759
0.48681744367990404
0.48643888212575903
0.48591151152674067
0.485235331882849
0.48441034319408405
0.483677655667967
0.4833938561828143
0.4833634518544401
0.4833329464406642
0.483038103375389
0.4821717022564167
0.48090397035891114
0.47951063353210693
0.47799169177600415
0.4763471450906026
0.47457699347590243
0.4731703682790047
0.4726464909651035
0.47259081528633473
0.4725350385221642
0.47200011762814065
0.4704671846425115
0.46830863764359704
0.4660244857153841
0.46361472885787236
0.46108467079892734
0.4584753607909691
0.456476347382969
0.45574654028038497
0.4556694170685861
0.45559223644506713
0.45485615711213384
0.4527854068636312
0.4499555066766423
0.4470542688400128
0.44408169335374226
0.44103778021783197
0.43792252943228
0.43554495749920075
0.4346787975629384
0.4345873214212788
0.4344957878678993
0.4336233557012883
0.43117404692770644
0.427838205963124
0.4244324258515304
0.4209902619820499
0.4175258247011473
0.4140391140088217
0.4114156955043085
0.4104677129144932
0.41036783116518794
0.4102679314904971
0.4093179905523507
0.40667217399897077
0.4031165894954371
0.39953873158048087
0.39593860025410144
0.392316195516298
0.3886715173670717
0.3859299033540244
0.3849393479744058
0.3848349848788053
0.3847306038578201
0.38373809012987
0.38097407806795575
0.3772605261075185
0.3735356021898208
0.36982918629290923
0.36613492150688004
0.36245280783173317
0.35970569840068195
0.3587178846418268
0.35861395558629733
0.358510036309842
0.35752329091484303
0.3547884005897989
0.3511438605624859
0.34751147164605467
0.3438912338405048
0.34028314714583624
0.33668721156204884
0.3340045829014816
0.33303999444384336
0.33293851015686315
0.33283703564895706
0.3318735155551747
0.3292031060006135
0.3256447440646557
0.3221079662528741
0.3186031227263123
0.3151247886717079
0.31167296408906087
0.30910755403780654
0.30818715562089494
0.3080903835832288
0.3079936328800806
0.3070755652592547
0.3045368130215278
0.3011669609904649
0.2978236184313592
0.2945067853442104
0.2912164617290185
0.2879526475857833
0.2855279120122444
0.28465818307545787
0.2845667446672785
0.2844753275936171
0.28360792945291613
0.2812098516929041
0.2780280101012511
0.2748776759947621
0.27175936776028664
0.2686707993944145
0.26561197089714583
0.2633427239016651
0.26252944334927764
0.262443960525175
0.26235850163537616
0.2615478359056997
0.25930849519702975
0.2563416282792718
0.25340450123011726
0.2504971140495658
0.24761946673761764
0.2447715592942724
0.24266012911573426
0.24190369253532606
0.2418241932872212
0.24174471797342026
0.24099089621572303
0.23890937232399528
0.2361534264601601
0.23342877642486098
0.2307329965537548
0.22806539131136983
0.22542596069770676
0.22346949477958786
0.22276866005149648
0.22269500701659425
0.22262137665630916
0.22192301913011905
0.2199948855001677
0.21744257643347215
0.21491844199549773
0.21242248218624438
0.20995469700571273
0.20751508645390196
0.20570813129128265
0.20506114877844256
0.20499316439777715
0.20492520269172906
0.20428069738079008
0.20250207450633834
0.20014958550149517
0.19782467460827008
0.19552482538807636
0.1932499219989827
0.1909999644409886
0.1893328010120675
0.1887357272236625
0.18867298275081712
0.1886102583540897
0.18801537788155193
0.18637329987548723
0.1842004797810359
0.1820526055176842
0.17992967708543267
0.17783169448428077
0.17575865771422863
0.17422387118692378
0.1736744781782477
0.17361675273484753
0.17355904736756514
0.17301184767475655
0.17150214657030793
0.16950624726379854
0.1675334861510311
0.16558214828812454
0.1636522338625728
0.161743742874376
0.1603297701659144
0.15982340997055414
0.1597701994143714
0.15971700609952455
0.15921252952010387
0.15782010013016046
0.15597785466456465
0.15415703263632385
0.15235763404543803
0.15057965889190716
0.14882310717573125
0.1475228195254129
0.147057407502654
0.14700850728042933
0.14695962429954046
0.14649609589272122
0.1452173515609211
0.14352698303291037
0.14185573546553917
0.14020263094131657
0.13856766946024265
0.13695085102231724
0.13575297008317042
0.13532399401352235
0.1352789152946596
0.13523385117710918
0.13480647030083295
0.13362683392958438
0.13206611738394833
0.13052354388146092
0.1289991134221221
0.12749282600593187
0.12600468163289036
0.12490307809690136
0.12450878014403052
0.12446735175324962
0.12442593796378106
0.12403323520428197
0.12294987623619136
0.12151765652413152
0.12010123461669642
0.11870008482887795
0.11731420716067598
0.11594360161209055
0.11492806610705437
0.11456437524024883
0.11452615651794848
0.1144879500864742
0.11412560199242094
0.1131254240666517
0.11180204294468198
0.11049393394232891
0.10920109705959238
0.10792353229647242
0.1066612396529691
0.10572674678258662
0.10539224662778895
0.10535710061201578
0.10532196688706866
0.10498880950502339
0.1040696742139078
0.10285431222278911
0.10165203422417707
0.10046258140921328
0.09928595377789766
0.09812215133023024
0.0972597510963161
0.09695088238227915
0.09691842407425579
0.09688597608779267
0.09657823500420776
0.09572873172104007
0.09460458728805796
0.09349326803872408
0.09239477397303834
0.09130910509100093
0.09023626139261176
0.08944191894627818
0.08915756393772045
0.08912768601974756
0.08909781842333483
0.08881459104522921
0.08803314554964214
0.0869995638495138
0.08597684963178188
0.08496489600148942
0.08396370295863631
0.08297327050322256
0.08223924005117755
0.08197632565335145
0.08194869591856419
0.08192107484377383
0.0816591065506127
0.08093589690004825
0.07997873831785128
0.07903234032309372
0.0780967029157756
0.07717182609589684
0.07625770986345749
0.07558078126619126
0.07533843436108167
0.07531296962552772
0.0752875135499707
0.07504611274952606
0.07438000495374042
0.07349868298963398
0.07262641109471622
0.07176316172219989
0.07090893487208505
0.07006373054437172
0.06943722693560316
0.06921280422563418
0.06918921890389604
0.06916564084338013
0.06894201142193576
0.06832458082375424
0.06750727592701293
0.06669899355267313
0.06589973370073478
0.06510949637119803
0.06432828156406274
0.06374965663913094
0.06354247933187097
0.06352070931568117
0.06349894656071357
0.06329256254197821
0.06272301062763351
0.06196914916605489
0.06122283653650584
0.060484079826582514
0.05975287903628487
0.05902923416561291
0.05849272540874568
0.05830051677474167
0.05828031621176685
0.05826012172970919
0.058068577435904635
0.057539666880040204
0.05683938641331725
0.056146661866219985
0.05546149323874843
0.05478388053090261
0.05411382374268249
0.053617411033323556
0.05343964457756899
0.053420964243883574
0.05340228999111533
0.053225187875560236
0.052736373367204124
0.052089082883056956
0.05144809071906125
0.05081341124459392
0.050185044459654944
0.04956299036424431
0.04910168144701531
0.04893638851336991
0.04891901592919108
0.04890164842539214
0.048736910523248925
0.048281949620064664
0.047679415614259486
0.04708319429798266
0.046493285671234216
0.04590968973401413
0.04533240648632245
0.044904596323947
0.04475136929252368
0.044735266803315604
0.044719169394487425
0.044566497394566335
0.04414503524623563
0.0435866339622395
0.043033479666145305
0.04248557757656333
0.04194292769349359
0.041405530016936094
0.041006869720528596
0.04086399673120513
0.04084897966047672
0.04083396681666363
0.04069155561784287
0.04029817691821842
0.039777020107188164
0.03926111550267014
0.0387504631046644
0.03824506291317089
0.03774491492818965
0.03737412585491186
0.03724129178955933
0.03722733144766994
0.03721337533269592
0.037081003057846035
0.03671548231910623
0.036230919551811486
0.03575069726897244
0.03527481547058906
0.03480327415666137
0.03433607332718935
0.03398933990522898
0.03386504540019932
0.03385198010724362
0.033838918307459845
0.03371500543146438
0.03337263678242082
0.03291885759282595
0.03246941888768679
0.032024320667003295
0.0315835629307755
0.031147145679003403
0.03082344535950644
0.03070744713782855
0.030695255137857234
0.030683066631057857
0.03056745003841414
0.03024807779887253
0.029824425190798094
0.029404322032089498
0.028987768322746712
0.02857476406276975
0.028165309252158613
0.02786126559294514
0.027752239012015924
0.02774077752673185
0.027729318898003785
0.02762060439581766
0.027320130047960946
0.026921650839644148
0.02652672108069316
0.02613534077110802
0.025747509910888703
0.025363228500035213
0.02507802025695246
0.02497577799652531
0.024965030650241454
0.02495428616051361
0.024852355978829545
0.024570654648644556
0.024196696700199184
0.02382559450647244
0.02345734806746432
0.023091957383174835
0.02272942245360398
0.02246003181313346
0.022363391754274476
0.022353231182462133
0.022343072908928334
0.02224668393699897
0.021980165031465007
0.02162646066258437
0.021275612048422373
0.020927619188979
0.020582482084254266
0.02024020073424816
0.019985964367849152
0.01989478272050407
0.019885196718324772
0.019875613014424014
0.019784682454008568
0.019533228921389055
0.01919913276994284
0.01886727599033642
0.018537658582569776
0.018210280546642907
0.01788514188255583
0.017643328999626593
0.017556537630135833
0.017547411158163825
0.017538286488412495
0.017451692011531558
0.01721213103150781
0.0168939169498473
0.01657794224002657
0.016264206902045622
0.015952710935904463
0.015643454341603094
0.015413524851314942
0.01533101375595083
0.015322337839150045
0.015313663724569944
0.015231349521815662
0.015003555958696908
0.014700583189876664
0.01439929338434834
0.014099686542111935
0.013801762663167447
0.013505521747514876
0.013284967027959761
0.013205756320848784
0.013197425462434022
0.013189095958448754
0.013110033222759448
0.012891170884013791
0.01260013402506532
0.01231078012940877
0.012023109197044145
0.011737121227971442
0.01145281622219066
0.011241192272078615
0.011165198335004007
0.011157206083961497
0.011149215187348476
0.011073369221695543
0.010863293657024306
0.010583551399100138
0.010304980453796804
0.010027580821114298
0.009751352501052617
0.009476295493611769
0.009271256507514904
0.009197564237541176
0.009189812105450626
0.00918206091601899
0.009108471631531967
0.008904610512481217
0.008633175436265064
0.008362911672669742
0.008093819221695253
0.007825898083341594
0.007559148257608764
0.007360324928747335
0.007288871473702008
0.007281355006340764
0.007273839481638434
0.00720248693715198
0.007004669356968618
0.006740891260368433
0.006477803798389389
0.006215406971031487
0.005953700778294724
0.0056926852201791
0.005497838044529006
0.005427750837756667
0.005420376155071462
0.005413002028201053
0.005342975544195062
0.005148822867815855
0.004889942889096102
0.00463175354499749
0.004374254835520021
0.004117446760663694
0.0038613293204285085
0.0036701470485825693
0.003601379901948222
0.0035941441729617535
0.0035869089997900795
0.0035181932977226623
0.003327506239546989
0.0030728537848471907
0.002818429496126592
0.0025642333733850377
0.0023102654166224377
0.002056525625838979
0.0018668199045928638
0.0017985211726822975
0.001791332796514291
