452
0.0055196428028347075
0.0055274015699658015
0.005622493851472557
0.006052793106886332
0.006738050581119711
0.007427786776991055
0.00812281065624887
0.0088253056393569
0.009535392183614483
0.009987581394558565
0.010088174404779455
0.010096392635612964
0.01010461185611135
0.01020537762470618
0.01066204249365481
0.01139160272854901
0.012129384479248946
0.012877823881896601
0.01363716113560056
0.01440739624036079
0.01489925993675483
0.015008821233470146
0.015017774424834852
0.015026729036884994
0.015136538332001544
0.01563482693275338
0.016433491337381548
0.017246218804176292
0.018073427589168117
0.018915117692357
0.019771289113742874
0.020319249921974297
0.020441432925367122
0.02045141955503228
0.02046140807253732
0.020583920621979376
0.02114075566739315
0.02203768795561896
0.022953052111529208
0.023886848135123817
0.024839076026402722
0.025809735785365856
0.02643232415139961
0.02657146259400682
0.02658284056646238
0.026594221517369662
0.026733879885957147
0.0273698041595263
0.028395758925212462
0.029444560918400992
0.03051621013909179
0.03161070658728477
0.032729102542081244
0.03344929436451944
0.03361035566240996
0.033623527562371865
0.0336367030908484
0.03379839779132873
0.03453499919963252
0.03572449624557755
0.03694182704790201
0.03818699160660577
0.03946085352511286
0.04076766520306012
0.04160991356447504
0.04179832273907976
0.04181373201852159
0.04182914566606272
0.042018317346999394
0.04288031999001784
0.04427308300032885
0.04569935300259601
0.04715980095246517
0.04865929411771963
0.050198777083038125
0.05119124979964462
0.05141329115820954
0.051431451521000114
0.05144961709701357
0.05167256848879791
0.052688617471897
0.05433068131349706
0.05601321351580402
0.05774165637811226
0.05951750631080639
0.06134076331388626
0.06251620290877087
0.0627791810310793
0.0628006895765037
0.06282220430209462
0.06308626124972394
0.0642896500147284
0.06623481134769718
0.06823359667334693
0.0702882563433776
0.07239879035778897
0.07456519871658099
0.07596163097151176
0.07627402718706469
0.07629957717539801
0.07632513444772401
0.07663880217524796
0.07806831742943249
0.08038455973066476
0.0827662755705471
0.08521346494907926
0.08772612786626113
0.09030426432209251
0.09196568707697919
0.09233762198255097
0.09236804983387142
0.09239848762001635
0.09277215677339526
0.09447730265564457
0.09724045441009264
0.10007981461670187
0.10299538327547211
0.10598716038640321
0.10905628493983613
0.11103795513990697
0.11148174020403215
0.11151804348525265
0.11155435822746132
0.11200014395034368
0.11403364529571139
0.11732646882273688
0.12070720775986953
0.12417586210710924
0.12773326917007918
0.13138836533627857
0.13374738543188078
0.13427543050258015
0.13431862267694775
0.13436182790102263
0.13489215096124363
0.1373101870211906
0.14122206300191206
0.14523404120261232
0.14934672702262222
0.15356846322366757
0.15790184236818144
0.16069500748937315
0.16131986081873004
0.16137096567535453
0.16142208508617897
0.162049479033071
0.16490846403290793
0.169528226979127
0.17426010238054912
0.17911079298738422
0.1840816952127072
0.18917280905651895
0.19244874697588962
0.19318102187811564
0.19324090324315363
0.19330080027943672
0.1940358107933941
0.19738262031373574
0.2027824616866396
0.20830689342812478
0.21395257860052588
0.21971951720384467
0.22560770923808313
0.22938738187919472
0.23023131659030302
0.23030031394155243
0.23036932709986152
0.23121602113084477
0.23506717958073822
0.2412673732253847
0.24757382647360116
0.25398647054583356
0.2605053054420863
0.26713033116236307
0.271367413408265
0.2723132539014144
0.2723905674408781
0.2724678887714817
0.27341570737107557
0.27770833453262384
0.2845567065643099
0.29146484318601873
0.2984327443977577
0.30546041019953435
0.3125510188627806
0.31703691987654875
0.31802855517626494
0.31810946933730877
0.3181903781158105
0.3191810738255272
0.3236426328441328
0.33067617278209577
0.3376684240995894
0.3446193867966234
0.3515302015713847
0.35830994068111105
0.362481478364355
0.3633943249737782
0.36346866102229947
0.36354296959277627
0.36445101956607984
0.3684982906082721
0.37473734271245995
0.38076561512717094
0.3865814640301562
0.3920672934550773
0.39717934152475715
0.40021412654172683
0.4008663321285005
0.4009192505807833
0.40097212030550267
0.40161581988700673
0.4044302394901193
0.4085834725895526
0.41233499989401473
0.4156048789518106
0.4183894738620653
0.4206887846247793
0.4218904632331313
0.42213052633571346
0.42214970420304043
0.4221688188068748
0.42239783847602097
0.4233084021372096
0.4243014761915401
0.4247607827280844
0.4246863217468428
0.4240780932478149
0.4229324582054501
0.421931418574815
0.4216834442465864
0.4216627820037384
0.42164205644911
0.42138303025825147
0.420095669586749
0.41766033424749005
0.41473934435466
0.41133269990825855
0.4074575112537549
0.40319863487611163
0.400317396473604
0.3996588798500972
0.399604800359886
0.399550672110256
0.3988836439207057
0.39578189604115205
0.390563577871022
0.38496828988505405
0.3790907206136721
0.3730022884567002
0.36670299341413737
0.36261764795320395
0.3617011580152355
0.3616261603961976
0.36155113528827026
0.36062984682091836
0.3564201856700805
0.34958464509262044
0.3426628737098582
0.33569978854573546
0.32869538960024547
0.3216496768733806
0.3171804201743387
0.31618801766830734
0.31610696953776374
0.31602591602139796
0.31503257335278956
0.3105403255757997
0.30346952022682927
0.29645847359038835
0.28950718566647127
0.28261565645507264
0.27578388595618675
0.27150206128053483
0.2705593571272634
0.27048249340178093
0.27040564352016266
0.2694653559864478
0.2652471189525316
0.2586519471513983
0.25216296942189476
0.24578018576401792
0.23950359617776495
0.23333632864984993
0.2295067439164683
0.22866482999239077
0.2285962070532769
0.22852759992218669
0.22768844548626316
0.2239303509212725
0.21807634511147267
0.21234360012731388
0.20673211596879495
0.20124269172520667
0.19587713378199373
0.19255174247285273
0.19182147768394525
0.19176196806130752
0.19170247411104985
0.1909749451319915
0.18772043055646995
0.18266325890694513
0.17772630758185032
0.17290971640209424
0.1682098334406102
0.16362160204090748
0.16078252745516552
0.16015954517256947
0.16010878590504918
0.16005804119285247
0.15943759972391525
0.1566643500978048
0.1523625246072935
0.14817235501113313
0.14408855094312117
0.1401048569577202
0.13622127305492943
0.1338211019320378
0.13329473731506486
0.13325185523600497
0.13320898620767732
0.132684899759153
0.1303437492360755
0.12671696531684154
0.12318519242312335
0.11974138596076105
0.11638550164644886
0.11311753948018738
0.11109973666892053
0.11065742935691414
0.11062139857243297
0.1105853792498184
0.1101450727499021
0.10817910505633396
0.10513251664122093
0.10216228173555149
0.09926826101862869
0.09645045449045307
0.09370886215102442
0.09201732975728072
0.09164667701397289
0.09161648547033924
0.09158630386227795
0.09121730308361799
0.08956768488419119
0.08700805767517507
0.08451390914378876
0.08208523929003286
0.07972204811390707
0.07742428987015842
0.07600488709162337
0.0756934285879732
0.07566805166392229
0.07564268202438766
0.07533249512411443
0.07394603582439677
0.07179542814335996
0.06970069882337454
0.06766184786444027
0.06567887526655762
0.06374741913277937
0.0625524911425833
0.0622903088836206
0.062268947196784614
0.06224759169055972
0.061986488334526774
0.06081951152506545
0.05900966255985724
0.057247224075417324
0.055532196071746136
0.05386143068982703
0.05223067072170165
0.051221759426439924
0.051000389564773825
0.05098235309579701
0.050964321840426104
0.05074386207883276
0.0497585287820356
0.048230357226040854
0.04674217840786149
0.04529178012940346
0.0438749792805097
0.04249168793542385
0.041635666081419054
0.04144781959395097
0.041432514127637876
0.04141721302975154
0.04123012910577672
0.04039386301425513
0.03909652944487515
0.037831194753242564
0.036593893501165514
0.035384428048396206
0.034202798394934904
0.03347116475115536
0.03331057078087401
0.0332974851096883
0.033284403067283586
0.03312444254608222
0.03240921969259115
0.031297996854878496
0.030209950988783565
0.02914475382967541
0.02810240537755427
0.027082905632420034
0.02645105719787185
0.026312301920884018
0.02630099469301774
0.026289690443796074
0.026151455126456592
0.0255324483019669
0.024566986779856283
0.02361995835482191
0.02269136302686401
0.02178120079598245
0.02088947166217745
0.020335516810507923
0.020213574460248497
0.02020363249036158
0.020193692408427156
0.020072079623875073
0.019526692768783816
0.018674599255835166
0.01783698792492473
0.017013858776052396
0.01620521180921835
0.01540998731499368
0.014913629900767262
0.014804248505344222
0.014795328824533644
0.014786410564506967
0.014677277184673612
0.014187345120106748
0.013420170382816088
0.012663894251897588
0.011918516727351398
0.0111833022782573
0.010455861520474587
0.010000534988464234
0.009900065763390073
0.009891870751035209
0.009883676728422067
0.009783380275138157
0.009332529748709156
0.008624564193877403
0.007924190789751057
0.007230914499212203
0.006542412286078562
0.005858389138968199
0.005428869295944834
0.005333949713676214
0.005326205044739544
