1079
0.0018453565194322815
0.0018527616195188664
0.0019231194786377618
0.0021185443585289314
0.002379933208101776
0.0026415564515840056
0.0029034140889756194
0.003165506120276619
0.003427832545487004
0.0036242655485010183
0.0036950517799890018
0.0037025049604459646
0.0037099587117136426
0.0037807978179410185
0.003977739598513637
0.00424157086889608
0.0045061114072680935
0.0047713612136296765
0.005037320287980826
0.005303988630321544
0.0055039809571410855
0.005576113377746903
0.005583709260882719
0.005591305714829253
0.005663500496505729
0.005864206060233094
0.0061330676000451115
0.006402638407846699
0.0066729184836378614
0.0069439078274185955
0.007215606439188903
0.007419362549163209
0.0074928568994337315
0.007500598006119938
0.0075083400805524185
0.007581938054006334
0.007786727112053802
0.008061477340830143
0.008337430054835393
0.008614585254069553
0.008892942938532622
0.009172503108224605
0.009382464029172942
0.00945825467374595
0.009466237717000517
0.009474221728001355
0.009550118098854735
0.009761288233892797
0.010044566726703974
0.010329047704744066
0.010614731168013076
0.010901617116511
0.011189705550237846
0.01140604635581669
0.011484153915065732
0.011492383059463832
0.011500613593586891
0.011578872980288875
0.011796803232318662
0.01208957490163639
0.012384073391086698
0.012680298700669593
0.01297825083038507
0.01327792978023313
0.013503287048217457
0.01358469520426939
0.013593271779909892
0.013601849745275367
0.013683409728780233
0.013910503479828576
0.014215522100441243
0.0145222675411865
0.014830739802064355
0.015140938883074804
0.015452864784217852
0.015687386247633762
0.01577213082604375
0.015781061008518442
0.015789993038714437
0.01587493948067597
0.01611165178858548
0.016430022990480523
0.016750690101568055
0.017073653121848057
0.01739891205132054
0.017726466889985516
0.01797305385355888
0.018062186770046142
0.018071578882844757
0.018080972843364674
0.018170307623403496
0.01841920334360647
0.01875385758941985
0.019090807744425713
0.019430053808624073
0.019771595782014935
0.02011543366459828
0.02037421395515575
0.020467792639584675
0.02047765538430163
0.020487520482710443
0.020581356307976386
0.020842987726582753
0.021195212697972015
0.02155036227861791
0.021908436468520448
0.022269435267679626
0.022633358676095432
0.022907568775712026
0.023006737478336824
0.023017188646021765
0.02302764216739857
0.02312706801086039
0.02340421908524742
0.023777185966258264
0.024153077456525746
0.024531893556049882
0.024913634264830682
0.025298299582868146
0.02558805919641183
0.025692902843015866
0.025703954351373383
0.025715008780689157
0.025820171541981293
0.02611351848653029
0.026508747163927336
0.026907605314501745
0.027310092938253542
0.027716210035182712
0.028125956605289267
0.02843491383529085
0.028546694757723083
0.02855847650564146
0.02857026117451809
0.028682361211638422
0.028994968224605178
0.029415937846522654
0.02984053694161754
0.030268765509889817
0.030700623551339484
0.03113611106596656
0.03146439382976079
0.03158323222918007
0.0315957602483877
0.031608291832167824
0.03172751966113218
0.03206022017004766
0.03250874366204136
0.032961696358145984
0.033419078258361525
0.033880889362687974
0.034347129671125354
0.03469888009090123
0.03482618434999633
0.03483960351232772
0.03485302623923161
0.03498071992787179
0.03533692433667673
0.035816860623783385
0.03630122611500097
0.03679002081032951
0.037283244709769
0.03778089781331944
0.03815627578886266
0.03829221143621074
0.038306543035488444
0.038320878936436154
0.03845728454122954
0.03883802470237915
0.03935155343959274
0.039870427270611034
0.04039464619543404
0.04092421021406174
0.0414591193264942
0.04186284862022162
0.04200900073377255
0.04202440775054531
0.04203981906898804
0.0421864411399843
0.04259554543756553
0.043146982641479245
0.043703764939197726
0.04426589233072092
0.04483336481604886
0.045406177570757426
0.04583848959186934
0.04599508178465524
0.04601159222067018
0.046028107808551925
0.04618526284278456
0.04662401220194777
0.04721599325321274
0.0478143758209552
0.048419159905175244
0.04903034550587281
0.04964793262304795
0.050114214765802675
0.05028304264221348
0.05030084104492579
0.050318644599504886
0.05048803531736243
0.05096075479816852
0.05159813667551541
0.05224192006933991
0.05289210497964198
0.053548691406421635
0.054211667450543705
0.05471227993960819
0.05489364123965109
0.05491276412569838
0.05493189314943801
0.055113924992370875
0.05562220662393645
0.05630818780815964
0.057001795458741816
0.057703029575682935
0.058411890158983036
0.05912837720864209
0.05966946010668347
0.05986539842607352
0.05988605573520996
0.059906719182038756
0.060103328044318775
0.060652080084861316
0.06139214968297794
0.062139845747453556
0.0628951682782882
0.06365811727548183
0.06442869169750746
0.06501079047022817
0.06522169771023348
0.06524393671618059
0.06526618300666887
0.06547788608279947
0.06606908700356143
0.06686713486743347
0.06767423422902132
0.06849038508832497
0.0693155874453444
0.07014984130007958
0.0707799725162898
0.0710081805416278
0.07103224068287306
0.07105630810865954
0.07128531197012287
0.07192454533437435
0.07278678821750738
0.07365808259835623
0.07453842847692091
0.07542782585320142
0.07632631326360767
0.0770052621493246
0.07725128136344216
0.07727722337790599
0.07730317401238565
0.07755013496323111
0.07823985469339835
0.07917102275891243
0.08011290173282942
0.08106549161514925
0.08202879240587198
0.08300280410499765
0.08373859122000414
0.08400508297168569
0.08403317999010362
0.08406128562853737
0.08432871911694688
0.08507527707640374
0.08608240903130017
0.08710025189459952
0.08812880566630182
0.08916807034640709
0.0902181688683497
0.09101188647019877
0.09129950862195661
0.09132983804015858
0.09136017763021347
0.09164891105689557
0.09245533854782055
0.0935441712191609
0.09464564305341275
0.09575975405057612
0.09688650421065109
0.09802589353363757
0.09888668179024084
0.09919846209252627
0.09923133447394168
0.0992642170272099
0.09957710860441962
0.10045060675009881
0.10162907887471258
0.10282019016223794
0.10402394061267484
0.10524033022602336
0.1064696351892573
0.10739897247043552
0.10773574837272841
0.10777126126524347
0.10780678611919418
0.10814486880832626
0.10908915209018302
0.11036417178460793
0.11165405431035462
0.11295879966742291
0.11427840785581289
0.11561287887552463
0.11662108687268496
0.1169862711845259
0.11702477443594077
0.11706328964879127
0.11742978074747143
0.11845293474531035
0.11983336459095312
0.12122865726791764
0.12263881277620386
0.12406383111581185
0.12550424643457297
0.12659327275117838
0.12698791238380627
0.12702952683678628
0.12707115527815085
0.12746732314179635
0.12857382816352925
0.130067857611719
0.1315792685020495
0.13310806083452084
0.13465423460913295
0.13621778982588584
0.1373990520534541
0.13782691409950934
0.1378720256486396
0.13791715118615447
0.1383465414632274
0.1395452823959231
0.1411625844834092
0.14279726801303608
0.1444493329848038
0.14611877939871218
0.14780655650115743
0.1490825326673986
0.14954488580007538
0.14959363957748015
0.14964240955042693
0.15010653204608954
0.1514027447953697
0.15315271455633162
0.15492280829070312
0.15671302599848427
0.158523367679675
0.1603538333342753
0.16173659885692285
0.16223741640233363
0.16229021906528926
0.1623430379237871
0.16284562483218362
0.16424862693787015
0.16614131991450287
0.16805413686454507
0.16998707778799693
0.1719401434837017
0.173914926085124
0.17540745715020367
0.1759481851163976
0.1760052003992623
0.17606223407252344
0.1766049711895247
0.17812048134226346
0.18016592444427626
0.182234218763223
0.18432536429910362
0.18643936105191822
0.18857620902166672
0.19019000176304715
0.19077440692070485
0.19083601980267095
0.19089765107503345
0.19148406538349852
0.1931208372125377
0.19532834568287594
0.19755870537014786
0.19981191627435363
0.20208812990463576
0.20438944019689845
0.20612765678832293
0.20675716511617187
0.2068235345422675
0.20688992404295076
0.20752162551950143
0.20928492562187076
0.2116633674985645
0.21406675330508548
0.21649508304143378
0.2189483567076092
0.22142657430361157
0.22329715770740835
0.2239743431809459
0.22404573125395608
0.22411713940155395
0.22479651802379313
0.22669218493853413
0.22924753411896587
0.2318278272292244
0.23443306426930952
0.23706398752199725
0.23972216138622468
0.24172740898539583
0.2424531024667319
0.24252959674961175
0.2426061111268479
0.24333399991661356
0.24536435572800117
0.24809973713286126
0.25086008703136586
0.253645405423515
0.2564556923093084
0.259290947688746
0.2614286924500061
0.26220211002763943
0.2622836278996032
0.26236516586592323
0.2631407787519862
0.26530363172546145
0.2682160946455279
0.27115352605923787
0.2741159259665909
0.2771054783956502
0.2801203383508552
0.2823891563462104
0.28320909071384426
0.28329548369575064
0.2833818926969148
0.2842035771684501
0.28649241147657817
0.2895688214246061
0.2926651363015051
0.2957813561072748
0.29891748084191505
0.30207351050542547
0.30444795548110715
0.30530593558573027
0.30539633338205663
0.30548674719764063
0.3063464774061653
0.30874093869461744
0.3119585183509443
0.31519600293614
0.31845339245020426
0.3217351038188185
0.32502987565401265
0.3274979899826446
0.3283875823435725
0.32848124223204966
0.32857490566096986
0.3294648848153171
0.331937422983041
0.33524579808610355
0.3385585724111132
0.34187574595806963
0.34519731872697235
0.34852329071782107
0.35101474984376657
0.3519127507572811
0.3520072957565567
0.3521018442962756
0.353000232003209
0.3554961149682437
0.3588356902269505
0.3621796647076015
0.3655280384101961
0.368884106142986
0.3722216576552812
0.37470137938576764
0.37559087473445013
0.3756843926151471
0.37577788893229336
0.37666502846312017
0.37911780620074553
0.3823725051624189
0.38560041006529
0.3888015209093584
0.3919758376946233
0.39512336042108426
0.39746089749266567
0.3982991794097036
0.3983873064028592
0.39847541183246393
0.399311337931647
0.4016219310103637
0.4046866011861963
0.4077244773032236
0.41073555936144523
0.4137060742157466
0.4166091776824016
0.4187369867826645
0.4194940974964102
0.4195735067184946
0.4196528613420033
0.42040400716139226
0.42246359448864745
0.42515691657914906
0.42778239652736244
0.43034003433328816
0.4328298299969252
0.4352517835182745
0.43701958326229723
0.4376470223595779
0.4377127819378236
0.4377784869174941
0.43839996112041724
0.44009953909143296
0.44231171123662866
0.4444484040234219
0.44647956492864926
0.4484036601688052
0.45022068974388935
0.4515102155214884
0.4519600061701035
0.452006900186789
0.45205370803825956
0.4524940851371264
0.4536759461321426
0.45516190740955836
0.45654080302190214
0.45781263296917424
0.45897739725137465
0.46003509586850344
0.4607564697591216
0.461001618021905
0.4610269707348187
0.46105223728251743
0.4612879719955525
0.461896532183871
0.46258486278205846
0.46314912518863294
0.4635893194035939
0.4639054454269415
0.4640975032586756
0.46416006113247193
0.46416557899186417
0.46416563561374147
0.4641655923869661
0.4641602017810429
0.4640979972030619
0.46390641154867285
0.46359075770267055
0.463151035665055
0.46258724543582624
0.461899387014984
0.461291175291852
0.4610555640620387
0.46103031045740667
0.4610049706770511
0.46075994474948256
0.4600389055286672
0.4589816427821055
0.4578173013135354
0.45654588112295597
0.45516738221036773
0.45368180457577084
0.4525002220929535
0.45205994352063544
0.45201314598521325
0.451966262274068
0.4515165690039944
0.4502273086085934
0.44841062230168516
0.446486857272768
0.44445601352184194
0.44231961827568783
0.4401077239642784
0.4384083443336425
0.437786939569975
0.4377212418380553
0.43765548949581845
0.43702811855499873
0.435260502479755
0.4328387816771461
0.4303492041422912
0.42779176987519063
0.42516647887584436
0.42247333114425234
0.42041386473468534
0.4196627604677063
0.41958341015649053
0.4195040052349577
0.41874693479082575
0.41661923193665235
0.41371625771386017
0.41074585736267233
0.4077348787790114
0.4046970977723706
0.40163251434275077
0.39932198069942226
0.3984860748611761
0.3983979715289612
0.39830984662646507
0.3974715842349583
0.3951340981877874
0.39198663634384967
0.3888123720769353
0.38561130538704197
0.38238343627417176
0.379128764738325
0.3766760020509775
0.3757888667940324
0.37569537089142835
0.3756018534185429
0.3747123616083379
0.3722326465171504
0.3688950965669934
0.36553902309382996
0.36219063995624573
0.35884665203060245
0.3555070593169008
0.3530111606688857
0.3521127667631704
0.3520182175540054
0.35192367188205653
0.35102566441718824
0.3485341855758206
0.3452081837302533
0.34188657709662934
0.33856936567494933
0.33525654946521366
0.3319481284674228
0.3294755533373429
0.32858556031960495
0.32849189541443746
0.3283982340464861
0.32750862746959525
0.32504047214616594
0.3217456420165191
0.31846386956838935
0.3152064180315913
0.31196886993571393
0.3087512252807578
0.306356714385409
0.3054969661049388
0.30540655038075804
0.30531615067463724
0.3044581523672436
0.3020836562883913
0.29892755702522167
0.2957913612029744
0.2926750688216499
0.2895786798812482
0.28650219438176994
0.2842133025708404
0.2833915971833366
0.28330518597420484
0.28321879078313345
0.28239883536870625
0.28012995837427546
0.2771150182665902
0.2741253848885366
0.27116290396665066
0.2682253913039165
0.2653128469003344
0.26314993280533105
0.2623742978717727
0.2622927575836728
0.2622112373897406
0.26143779774399456
0.25929999162540296
0.2564646540373558
0.25365428470846146
0.25086888363872
0.24810845082813165
0.24537298627669635
0.24334256809943489
0.24261465681397323
0.2425381400677783
0.24246164341575105
0.24173592741810188
0.23973061721725314
0.23707235948135652
0.2344413527053874
0.23183603263369137
0.22925565686957547
0.22670022541303972
0.22480449718416395
0.22412509652901827
0.22405368606376308
0.22398229567339986
0.22330508820016878
0.22143444386210445
0.21895614515808565
0.21650279076164722
0.21407438067278894
0.21167091489151146
0.2092923934178142
0.20752903400588535
0.20689731121845548
0.20683091947611765
0.20676454780867182
0.20613501820315647
0.2043967426820399
0.20209535396086165
0.19981906253262635
0.197565774474012
0.1953353382552078
0.19312775387621314
0.19149092565765444
0.1909044911236945
0.190842857724964
0.19078124271713165
0.19019681738874397
0.18858296888420584
0.18644604693185785
0.18433197681931976
0.182240758546592
0.18017239211367417
0.17812687752056658
0.17661131428364688
0.1760685581316989
0.17601152245739102
0.17595450517398067
0.17541375822760535
0.17392117470470628
0.17194632253824596
0.16999318814141717
0.1680601791679413
0.16614729481816573
0.16425453509209031
0.16285148346798498
0.16234887881275173
0.16229605808891337
0.1622432535611407
0.16174241832606878
0.16035960393893203
0.15852907354571724
0.15671866777620255
0.15492838663038833
0.1531582301082744
0.15140819820986082
0.15011193939297773
0.14964780039342634
0.1495990286859756
0.1495502731745904
0.1490879035952004
0.14781188201528594
0.14612404478679003
0.1444545388385467
0.14280241487011983
0.1411676728815096
0.13955031287271577
0.13835152895339553
0.13792212326672593
0.13787699610942006
0.13783188294093152
0.13740400553255377
0.13622270085904542
0.13465908938358495
0.13311285988794086
0.13158401237211334
0.13007254683610234
0.1285784632799078
0.12747191812476646
0.12707573587922297
0.12703410592624612
0.12699248996208665
0.12659783599483496
0.1255087700855055
0.12406830228137991
0.1226432318597093
0.121233024797106
0.11983768109356996
0.11845720074910125
0.11743400931184397
0.11706750480025124
0.11702898817774503
0.1169904835170991
0.11662528583874672
0.11561704093286673
0.11428252104622308
0.11296286451864666
0.11165807135013754
0.11036814154069566
0.10909307509032108
0.10814875716956676
0.10781066207624054
0.10777513591881502
0.10773962172324977
0.10740283346316382
0.1064734620737868
0.10524411204359657
0.10402767801399404
0.10282388370542823
0.10163272911789922
0.100454214251407
0.09958068449013595
0.09926778160186155
0.09923489786031305
0.09920202429106656
0.09889023272678857
0.09802941341584182
0.09688998307681074
0.0957631924588164
0.09464904156185878
0.09354753038593794
0.09245865893105375
0.09165220278626957
0.091363459115308
0.0913331184492661
0.09130278795552621
0.09101515560856102
0.09022140991410109
0.08917127435546876
0.08813197310336289
0.08710338316045405
0.08608550452674217
0.08507833720222724
0.08433175304040205
0.08406431016913797
0.08403620354472868
0.08400810554065781
0.08374160444136076
0.08300579152702274
0.0820317456976133
0.0810684111774008
0.08011578796638526
0.07917387606456663
0.07824267547194494
0.07755293166625252
0.07730596209861922
0.07728001055880267
0.0772540676393245
0.0770080398436582
0.07632906728545297
0.07543054850678385
0.0745411200076427
0.07366074327998869
0.07278941832382174
0.07192714513914193
0.07128788928151256
0.0710588773557143
0.0710348090822072
0.07101074809346161
0.07078253202785949
0.0701523785935747
0.06931809528384782
0.06849286374560805
0.06767668397885535
0.0668695559835897
0.0660714797598111
0.06548025779845887
0.06526854718127226
0.06524630009814535
0.06522406029977995
0.06501314554278947
0.06443102600478173
0.06366042402454682
0.06289744769955302
0.06214209808456469
0.061394375179581843
0.06065427898460453
0.0601055072029274
0.05990889126351046
0.0598882270727493
0.059867569019876596
0.05967162364477179
0.05913052125060571
0.05841400835748926
0.05770512217437828
0.057003862701272744
0.056310229938172675
0.055624223885078
0.055115923805306
0.054933885350935456
0.054914755632284436
0.05489563205152188
0.05471426416146346
0.05421363346920243
0.05355063331245087
0.052894022995959834
0.05224381441648149
0.051600007574015845
0.05096260246856291
0.05048986575209965
0.05032046885638248
0.050302664652434166
0.050284865600530124
0.05011603156564985
0.049649732409007094
0.049032122745664285
0.04842091481933418
0.04781610863001673
0.04721770417771193
0.046625701462419795
0.04618693603788532
0.04602977524731787
0.04601325905443794
0.04599674801360228
0.04584015008387171
0.04540782221915773
0.04483498844664344
0.04426749515512604
0.04370534717033092
0.043148544492258
0.042597087120907325
0.042187967872761786
0.042041340445927826
0.042025928564612326
0.04201052098513813
0.04186436353446992
0.04146061950428712
0.040925690882800896
0.04039610756803685
0.03987186955999502
0.039352976858675386
0.03883942946407793
0.03845867548222647
0.03832226492856008
0.038307928507577985
0.03829359638843721
0.038157655810936525
0.037782264233176786
0.03728459317371576
0.036791351511739845
0.03630253924724903
0.03581815638024329
0.035338202910722684
0.03498198577204605
0.03485428752475833
0.03484086431881384
0.03482744467759747
0.0347001358768569
0.03434837292166555
0.03388211602876547
0.03342028853335047
0.03296289043542054
0.03250992173497568
0.03206138243201589
0.031728670219382984
0.03160943820138115
0.03159690617746675
0.03158437771828047
0.031465535146825784
0.03113724087692274
0.030701738124430326
0.030269864971198025
0.029841621417225777
0.029417007462513613
0.028996023107061536
0.02868340515252965
0.028571301191662745
0.028559516110292876
0.028547733949982734
0.028435949114889496
0.028126981070110996
0.02771722015634255
0.027311088841834155
0.026908587126585826
0.02650971501059755
0.026114472493869334
0.025821115276822307
0.025715948832774584
0.02570489401633305
0.025693842120951244
0.025588994802677192
0.025299225025906466
0.02491454616821172
0.02453279199155106
0.024153962495924476
0.023778057681331975
0.023405077547773538
0.023127916604418205
0.02302848721610053
0.02301803332188427
0.023007581781417638
0.022908409540247882
0.02263418964384205
0.022270253204828682
0.02190924144684937
0.02155115436990413
0.021195991973992946
0.02084375425911581
0.020582113352433342
0.020488274119504952
0.020478408662698087
0.02046854555964086
0.020374963473860374
0.020116173755683066
0.019772323317970904
0.019430768851328398
0.019091510355755577
0.018754547831252414
0.018419881277818913
0.0181709763891927
0.018081638315269336
0.018072244008286168
0.01806285154907409
0.017973715344142712
0.017727119274369558
0.01739955231942096
0.01707428133554203
0.01675130632273274
0.016430627280993104
0.01611224421032312
0.015875523062346207
0.01579057344477045
0.015781641080560713
0.015772710564122074
0.015687962815538303
0.015453432572922657
0.015141494996509897
0.014831284307955696
0.014522800507260042
0.014216043594422943
0.013911013569444386
0.013683911329637293
0.013602348297858039
0.013593770011907728
0.013585193115736896
0.013503781917365256
0.013278416228727117
0.012978726083935266
0.01268076282700195
0.012384526457927182
0.012090016976710947
0.011797234383353254
0.011579296001957506
0.01150103369643068
0.011492802855349048
0.011484573404046886
0.011406462931927673
0.011190114079716753
0.010902014943493476
0.010615118349237762
0.0103294242969496
0.010044932786629004
0.009761643818275965
0.009550465882264237
0.009474566709362675
0.009466582403649117
0.009458599065727503
0.009382805624094954
0.009172836959229082
0.008893266489442388
0.008614898561623247
0.008337733175771665
0.008061770331887626
0.007787010029971143
0.0075822134720378255
0.007508612804984408
0.007500870447254872
0.00749312905731727
0.007419632018518952
0.007215868459421839
0.006944159920102089
0.006673160680976253
0.006402870742044326
0.006133290103306298
0.005864418764762179
0.0056637058904221455
0.005591508479955743
0.005583911749430549
0.00557631558974199
0.005504180543177751
0.005304180938130085
0.005037502896639457
0.004771534155342733
0.004506274714239909
0.0042417245733309865
0.0039778837326159685
0.0037809348123253655
0.0037100931388625476
0.003702639117495627
0.00369518566696534
0.0036243968698126835
0.0034279567461534904
0.00316562081222841
0.0029035192813382455
0.002641652153483117
0.0023800194286629638
0.0021186211068778154
0.0019231891455906076
0.0018528287370782027
0.0018454233686729204
