1079
0.0018955133669563474
0.0019031198304333946
0.0019753909342558663
0.002176130360151993
0.0024446284323996472
0.0027133681856200908
0.002982349619813329
0.0032515727349793633
0.003521037531118193
0.003722816421638909
0.0037955292086397667
0.0038031852452013355
0.0038108418703434793
0.0038836091646502484
0.004085912611183052
0.004356929010576075
0.0046286767581249725
0.0049011558538297455
0.005174366297690406
0.005448308089706953
0.005653757048803311
0.005727857919557288
0.005735661101263642
0.005743464871550575
0.0058176300447328275
0.006023814444459424
0.00630001771020627
0.006576952324109028
0.006854618286167702
0.007133015596382295
0.007412144254752817
0.007621474167043131
0.007696979336156109
0.00770493225889045
0.007712886179605854
0.007788498200707802
0.007998893195168263
0.008281168557343123
0.008564683973364831
0.008849439443233397
0.009135434966948824
0.009422670544511133
0.009638398983683825
0.009716272180383399
0.009724474598383942
0.009732678014365555
0.009810660240496464
0.010027635672603143
0.010318705742911867
0.010611015867067499
0.010904566045070055
0.01119935627691954
0.01149538656261596
0.0117176941993
0.011797956663948273
0.011806412869526665
0.011814870508455373
0.011895289566624544
0.012119236387863459
0.012420096542407201
0.012722737724290237
0.013027159933512594
0.013333363170074275
0.013641347433975291
0.013872954415189761
0.013956621086814239
0.013965435629969079
0.013974251606474225
0.014058074871619615
0.014291472846437295
0.01460496440055082
0.014920236982003742
0.015237290590796064
0.015556125226927805
0.015876740890398977
0.016117799721429363
0.016204907539796934
0.016214086790391803
0.016223267946997365
0.016310583997033827
0.01655390266206444
0.016881166523776386
0.017210798722907754
0.017542799259458546
0.017877168133428788
0.018213905344818506
0.01846741017774698
0.018559044771525184
0.018568700524794857
0.01857835818407522
0.01867020100952231
0.018926087432600935
0.019270148013599886
0.019616576932018365
0.0199653741878564
0.020316539781114012
0.0206700737117912
0.02093615657173558
0.021032377244177027
0.02104251848407759
0.02105266215218092
0.021149148105776335
0.021418172368736076
0.021780358753374602
0.022145562331732822
0.022513783103810765
0.022885021069608453
0.02325927622912588
0.02354127737686447
0.023643265030913973
0.023654013321510098
0.023664764040309018
0.023767016975512496
0.024052052200568344
0.02443563712222646
0.02482223923760441
0.025211858546702232
0.025604495049519938
0.02600014874605756
0.026298191912750492
0.02640603431507026
0.02641740196701749
0.02642877263232171
0.026536944243890644
0.02683868842095409
0.02724524029792343
0.02765553645926523
0.02806957690497949
0.028487361635066245
0.02890889064952555
0.02922673891250276
0.02934173803763095
0.02935385902882116
0.029365983033368376
0.029481311367745757
0.02980292486734324
0.03023603195262836
0.030672883322286116
0.03111347897631653
0.03155781891471962
0.03200590313749543
0.032343689031174364
0.03246596912459804
0.032478860014023885
0.03249175457976296
0.03261443631040605
0.03295677880579969
0.03341831011031878
0.03388440946378498
0.034355076866198354
0.03483031231755889
0.03531011581786663
0.035672105392751355
0.035803116730075836
0.03581692669780703
0.03583074034185144
0.035962153316395386
0.03632873650209273
0.03682266531687574
0.03732116218060609
0.037824227093283806
0.038331860054908906
0.03884406106548144
0.039230420581979966
0.03937033408172726
0.03938508509371323
0.039399840539065
0.03954023838402641
0.03993212457008996
0.04046069293054871
0.040994770025104696
0.04153435585375798
0.04207945041650862
0.04263005371335658
0.04304563284534888
0.04319607558888156
0.04321193494231863
0.04322779872912151
0.04337872581786834
0.043799844509704686
0.04436748190631494
0.04494062803702273
0.04551928290182803
0.04610344650073093
0.04669311415840806
0.04713815406494825
0.04729935632586001
0.047316352821415913
0.047333354619164644
0.047495136144646635
0.047946801224015505
0.048556207318772575
0.04917220171954864
0.04979478442634377
0.050423955439157966
0.051059714757991294
0.051539715998720335
0.05171351096768119
0.05173183301145277
0.051750160357417196
0.05192453459094834
0.05241116100450635
0.05306729267386713
0.053730012649247226
0.054399320930646644
0.05507521751806544
0.05575769229085964
0.05627302901839035
0.05645972170889975
0.05647940665268428
0.056499097897730804
0.056686479001116466
0.05720968925400508
0.057915800094161064
0.05862974064621245
0.05935151091015942
0.060081110886001876
0.06081854057373997
0.06137542624775099
0.061577084435570854
0.06159834469486176
0.061619611255414646
0.06182195785611086
0.06238671705548007
0.063148357767236
0.06391782819088773
0.06469512832643527
0.06548025817387869
0.06627322270396827
0.06687221899735715
0.06708924047456219
0.06711212394480308
0.06713501486346671
0.06735285008085465
0.06796115329482252
0.0687822362503761
0.06961257433669446
0.07045216755377763
0.07130101590162567
0.07215911938023865
0.07280722871098423
0.0730419401921661
0.07306668576808878
0.07309143879243415
0.07332696401379897
0.07398438026512383
0.07487110244596053
0.07576707975756235
0.07667231219992934
0.07758679977306153
0.0785105951912321
0.0792086153476542
0.07946152732254062
0.07948819561440221
0.07951487266411437
0.07976874143417864
0.08047770466176435
0.08143474123273192
0.08240265998043331
0.08338146090486859
0.08437114400603773
0.08537170928394076
0.0861274765177443
0.0864011883878013
0.08643004614231242
0.0864589126546741
0.08673358131990902
0.08750029162487646
0.08853450675424082
0.08957960406033934
0.09063558354317205
0.09170244520273899
0.09278033886976113
0.09359493951854718
0.09389009415639357
0.09392121679537466
0.09395234966859084
0.09424862239661881
0.09507601088203675
0.09619292552936629
0.09732255685341204
0.09846490485417415
0.09961996953165259
0.10078775088584739
0.10166983352213751
0.10198929446827933
0.10202297566602837
0.10205666709801249
0.10237724613433584
0.10327211660725823
0.10447922045115794
0.10569904097177422
0.10693157816910714
0.10817683204315676
0.10943512093870807
0.11038610814866408
0.11073066508905079
0.11076699651321069
0.11080333979880673
0.1111491926011012
0.1121150008609575
0.11341867992207648
0.11473709755904697
0.11607025377186894
0.11741814856054249
0.11878078192506758
0.11980998048014373
0.120182708331569
0.12022200511478554
0.12026131375943827
0.12063533747277133
0.1216793570777479
0.12308756504561559
0.12451051158933492
0.125948196708906
0.12740062040432884
0.12886836721911887
0.1299775585684007
0.1303793920738761
0.13042176163968447
0.13046414478684049
0.13086746205452704
0.13199362350968175
0.1335134815418388
0.1350502152470621
0.13660382462535176
0.1381743096767076
0.13976167040112975
0.1409604137602949
0.14139450296601264
0.1414402678686887
0.14148604635271225
0.14192161932064112
0.1431373327856792
0.1447768764424196
0.1464332957722262
0.14810659077509908
0.14979676145103804
0.15150478125279213
0.15279517053342137
0.1532625548270489
0.1533118332619327
0.15336112695170895
0.15383017784235214
0.155139628349632
0.1569062686022953
0.158691864012434
0.16049641458004796
0.16231992030513726
0.16416238118770163
0.1655533574163541
0.16605697207988568
0.16611006423791724
0.16616317165084135
0.16666845291138838
0.16807849036669087
0.1699795643603127
0.17189959351140927
0.17383857781998055
0.17579651961571138
0.17777490434953142
0.1792686684207097
0.17980953390096915
0.1798665542129845
0.1799235911161554
0.18046626918016628
0.1819807641595277
0.1840228962610256
0.18608564391032723
0.1881690071074322
0.19027298585234015
0.19239758014505104
0.19400074214858987
0.19458101162344327
0.19464217972436332
0.1947033644164389
0.19528544647504362
0.19690933938676364
0.19909768104714687
0.20130663825533196
0.2035362110113185
0.20578659652632053
0.20805928848577274
0.2097736092584136
0.21039398995478154
0.21045938253833235
0.2105247921413792
0.21114703221768966
0.21288261911656356
0.21522070423467957
0.21757993714034385
0.21996031783355588
0.22236184631431496
0.22478452258262055
0.226611065657273
0.22727186765673468
0.22734151511429532
0.22741117959135204
0.22807384097075573
0.22992165017163682
0.23240971959859297
0.23491893681309306
0.23744930181513652
0.24000154286655764
0.24257598164514843
0.24451481832595834
0.2452158032781705
0.24528967238569924
0.24536355696328924
0.24606623201970473
0.24802439878390015
0.2506582774057406
0.2533113785456933
0.2559837022037572
0.25867524837993094
0.2613860170742134
0.2634268594720772
0.26416458582000435
0.2642423224428714
0.26432007453579986
0.2650594909879293
0.2671196634691695
0.2698898720066729
0.2726793030622797
0.2754879566359884
0.27831758343554586
0.2811648780002576
0.28330346802510625
0.284075478450419
0.2841567954686353
0.28423812253693176
0.28501123093349223
0.2871623786904217
0.2900482881752851
0.29294668551276115
0.29585757070284735
0.298780943745541
0.30171680464083994
0.303921662381116
0.30471754174658017
0.30480137128481255
0.30488521087312487
0.3056821882098351
0.307899603682174
0.3108740794975689
0.3138610431655585
0.3168604946861403
0.3198753907192622
0.3228946520530665
0.32515200642299374
0.32596471742992805
0.3260502547271699
0.3261357898854014
0.3269482672054644
0.32920294884864654
0.33221399157026954
0.3352223764379448
0.3382281034516686
0.3412311726114366
0.3442315839172449
0.3464748341881922
0.34728246504572685
0.34736746759040016
0.3474524679960633
0.34825986516672425
0.35050044271089775
0.3534926354044371
0.3564821702440003
0.3594690472295837
0.3624545278392017
0.36541696149681235
0.3676145263266598
0.3684020806113216
0.36848485826940275
0.3685676125383531
0.369352611560487
0.37152095130608576
0.3743935180763149
0.3772370223898376
0.3800514642466504
0.38283684364674914
0.3855931605901308
0.38763650333945643
0.3883685084387138
0.3884454388141204
0.38852234580039613
0.3892517956371237
0.3912659133021752
0.3939323633580968
0.39656975095728525
0.39917807609973904
0.4017454718504836
0.4042514787033891
0.40608642337335027
0.4067389393614812
0.40680736609348384
0.40687574346139405
0.4075228664224342
0.40929612988767305
0.41161246755669356
0.4138674672556967
0.41606112898468167
0.4181934527436488
0.4202644385325988
0.42177388871853616
0.4223091649873034
0.42236525069621494
0.4224212870410341
0.42295117028271056
0.4243989392639258
0.4262802558689909
0.42809436243443544
0.42981820811374144
0.43145063454238064
0.4329916417203531
0.4340848734082417
0.43446610673715547
0.4345058503021572
0.4345455202939982
0.43491871575509
0.43592001662892765
0.4371783373296605
0.43834523877972636
0.43942072097912543
0.44040478392785765
0.4412974276259228
0.44190553628451895
0.44211203335643645
0.44213338363122817
0.44215466033285894
0.4423531195369545
0.4428653361460826
0.4434457783913617
0.44392163665912704
0.44429291094937845
0.4445596012621161
0.44472170759733975
0.44477459831727373
0.4447793062530291
0.44477935994331097
0.44477932946561144
0.44477484204938766
0.4447225635613114
0.4445612754696131
0.4442954034004007
0.44392494735367455
0.4434499073294348
0.44287028332768097
0.442358665237608
0.44216041661390154
0.44213916195067804
0.44211783368992286
0.4419115445358326
0.44130400159269567
0.44041208749868915
0.4394287238711846
0.43835391071018187
0.4371876480156811
0.4359299357876822
0.43492907038350315
0.4345560276210244
0.43451637357477246
0.43447664593098845
0.4340955626381262
0.4330027359676086
0.43146224362184243
0.42983030174257814
0.4281069103298157
0.4262932127805314
0.42441226415463146
0.42296475215689855
0.4224349576306105
0.42237893050572
0.4223228539941595
0.4217876639741659
0.4202784425605097
0.4182077380015203
0.4160756674182984
0.4138822308108431
0.41162742817915515
0.40931125952323455
0.40753810416970576
0.4068910163019934
0.40682264250958483
0.4067542193305059
0.4061017359690879
0.4042668711996367
0.401760946610626
0.3991936057279201
0.3965853199813766
0.39394796073705884
0.39128152799496285
0.38926741606334253
0.3885379667775555
0.3884610598026234
0.3883841294296748
0.38765212391059284
0.3856087757918523
0.38285244202113483
0.3800670347526199
0.37725255398630325
0.3744089997221798
0.37153637196024514
0.3693679793577315
0.3685829597828983
0.3685002033038558
0.3684174234267968
0.3676298476186653
0.36543221882899846
0.3624696900383412
0.3594841071663123
0.35649712869545747
0.35350748964170825
0.35051519000505826
0.3482745306583477
0.3474671036490161
0.3473821000909102
0.3472970943915978
0.34648943345545513
0.34424609863775385
0.3412455719503912
0.3382423846801013
0.3352365368268781
0.33222802839071497
0.32921685937160555
0.3269620814443727
0.3261495690695387
0.3260640302098007
0.32597848920885614
0.32516574290720707
0.32290828950893796
0.3198888934389755
0.31687386171315446
0.31387427558252307
0.31088717739805904
0.307912567159758
0.30569505116977075
0.30489803764048223
0.3048141942428199
0.3047303608953132
0.30393444534549635
0.3017294871816496
0.2987934921527328
0.29586998506996137
0.2929589659333308
0.29006043474283694
0.2871743914984753
0.2850231437202454
0.2842499993098794
0.28416866845105104
0.28408734764237803
0.28331530121148113
0.2811766112593609
0.27832918322428885
0.2754994240486011
0.27269063950102057
0.26990107846170924
0.26713074093066497
0.2650704725805809
0.26433102173328477
0.264253266023996
0.2641755257855657
0.2634377651295295
0.26139682785851925
0.25868593323245687
0.2559942621146528
0.25332181450510444
0.25066859040380984
0.24803458981076673
0.246076332432014
0.2453736248729676
0.24529973687823148
0.24522586435435356
0.244524846986566
0.24258592068687118
0.2400113629987621
0.23745900424711325
0.2349285226571993
0.23241918990332958
0.22993100598550334
0.2280831118052216
0.22742041996091594
0.22735075228145743
0.22728110162233903
0.22662026925016207
0.22479364225047252
0.22237085473345433
0.21996921605247538
0.21758872620753464
0.21522938519863177
0.21289119302576492
0.21115552671138857
0.21053325817423268
0.21046784557973722
0.21040245000558191
0.2097820409405543
0.20806764180676326
0.20579484603468412
0.20354435774617685
0.20131468327008484
0.19910562539693336
0.1969171841267216
0.19529321737434052
0.19471110886380238
0.19464992139177067
0.19458875051174412
0.19400845467772776
0.1924052198945695
0.19028052925472325
0.18817645521781562
0.1860929977838464
0.18403015695281513
0.1819879327247215
0.18047336950385293
0.17993066700466467
0.17987362753382785
0.17981660465499577
0.1792757148323296
0.17778188358068123
0.1758034099829458
0.17384538044689843
0.17190630941619786
0.16998619456084926
0.16808503588085266
0.16667493572664974
0.1661696320222051
0.1661165222510661
0.16606342773563892
0.1655597907177048
0.16416875281372453
0.1623262103922629
0.16050262414615304
0.15869799407539495
0.1569123201799886
0.15514560245993386
0.15383609465519077
0.15336702326619128
0.15331772742299396
0.15326844683550833
0.15280104213301937
0.15151059657849866
0.14980250245586663
0.14811225840971973
0.14643889094717114
0.14478240006822093
0.14314278577286918
0.14192702004963867
0.14149142838372503
0.14144564793533962
0.14139988106903456
0.14096577324538892
0.1397669785436588
0.13817954999617232
0.1366089980322846
0.13505532265199569
0.13351852385530572
0.13199860164221475
0.13087239276067614
0.130469058535372
0.13042667360705076
0.13038430226080985
0.12998245187777374
0.1288732140177361
0.12740540584290613
0.12595292165720845
0.12451517686429206
0.12309217146415719
0.12168390545680374
0.12063984295942083
0.12026580390872478
0.12022649365306444
0.12018719525949774
0.11981445214253654
0.11878521151655552
0.11742252263865496
0.11607457315353638
0.1147413630611999
0.11342289236164575
0.11211916105487389
0.11115331423771387
0.11080744765951536
0.11077110292727572
0.11073477005712985
0.11039019941266622
0.10943917446690896
0.1081808358631719
0.10693553301584424
0.10570294751141596
0.10448307934988718
0.10327592853125798
0.10238102334628432
0.102060431898403
0.10202673916275383
0.10199305666187586
0.1016735833627491
0.10079146668431886
0.0996236404153659
0.098468531489313
0.0973261399061604
0.09619646566590818
0.09507950876855645
0.09425208910624139
0.0939558052399813
0.09392467119713435
0.09389354738905861
0.09359838167155315
0.09278375051578236
0.09170581664476134
0.0906389152682065
0.08958289651278216
0.0885377603784885
0.08750350686532571
0.08673676813121692
0.08646208928704682
0.08643322170509589
0.08640436288135316
0.08613064087143373
0.08537484565537272
0.08437424336783497
0.08338452370142856
0.08240568665615354
0.08143773223201008
0.08048066042899832
0.07977167113049957
0.07951779303090947
0.07949111500101959
0.07946444572933796
0.0792115244639986
0.07851347868354848
0.07758964928538997
0.07667512800157976
0.07576986217608139
0.074873851808895
0.07398709690002063
0.07332965637492332
0.0730941224553189
0.07306936851675326
0.07304462202687399
0.0728099018762515
0.07216176860111362
0.0713036334073042
0.07045475367180729
0.06961512939462297
0.06878476057575139
0.06796364721519263
0.06735532146560853
0.0671374781760469
0.06711458640906473
0.0670917020907689
0.06687467257018927
0.06627565407056539
0.06548266014968013
0.06469750121688116
0.06392017229719944
0.06315067339063507
0.062389004497188184
0.06182422440852802
0.061621870325036854
0.06160060297809406
0.06157934193265562
0.06137767628852519
0.06082077002813076
0.06008331309013988
0.059353686165266845
0.058631889253511794
0.05791792235487475
0.05721178546935586
0.05668855592563512
0.05650116791520284
0.05648147594437149
0.056461790275044554
0.05627509070397301
0.05575973498851872
0.055077235087152655
0.054401313620042
0.05373198070631519
0.0530692363459723
0.05241308053901349
0.05192643622683946
0.0517520555803373
0.05173372756036845
0.05171540484279155
0.051541603482608785
0.0510615845920129
0.0504258019004832
0.04979660776233789
0.04917400217757699
0.04855798514620063
0.04794855666820887
0.04749687500288647
0.04733508753724093
0.047318085115256966
0.047301087995664945
0.04713987981633884
0.046694823572595176
0.046105134267845044
0.04552094922858921
0.044942273130532444
0.044369105973674834
0.04380144775801644
0.043380313624259106
0.04322938100189549
0.04321351663348167
0.04319765669860034
0.043047208439659916
0.042631614074007465
0.042080990598511635
0.04153587606421533
0.040996270471118576
0.04046217381922148
0.039933586108524086
0.03954168557954285
0.03940128259681431
0.03938652661151998
0.03937177505975812
0.03923185644045281
0.038845482788533864
0.038333263038892444
0.037825611508573005
0.03732252819757573
0.03682401310590055
0.03633006623354758
0.035963469648120965
0.035832051870499676
0.035818237721588035
0.035804427249126705
0.035673411123704764
0.03531140832041924
0.03483158728937504
0.03435633447765332
0.03388564988525408
0.033419533512177406
0.03295798535842336
0.03261563036740968
0.03249294415934001
0.03248004912301274
0.0324671577631358
0.032344873207265534
0.03200707499052191
0.0315589744322385
0.031114618296801847
0.030674006584211974
0.03023713929446896
0.029804016427572817
0.029482391210315765
0.02936705867435009
0.029354934228115512
0.029342812795349334
0.02922780948080796
0.02890994963942046
0.028488405271540552
0.028070605326507722
0.02765654980432202
0.0272462387049835
0.026839672028492224
0.02653791686859504
0.026429741320114476
0.026418370240983605
0.02640700217532113
0.026299155848264918
0.026001101835000737
0.025605433728594466
0.025212782910107968
0.024823149379541287
0.024436533136894468
0.02405293418216753
0.023767888518801565
0.023665631836746324
0.02365488072393997
0.02364413203941221
0.02354214064679332
0.023260129155471928
0.02288586025417129
0.022514608640790693
0.0221463743153302
0.021781157277789825
0.021418957528169618
0.02114992332678086
0.021053433806385687
0.021043289763227762
0.02103314814834843
0.02093692391738964
0.020670831195256575
0.020317284137089754
0.01996610549379319
0.019617295265366916
0.019270853451810968
0.018926780053125366
0.018670884090163754
0.018579037839171954
0.018569379819635176
0.018559723706171424
0.01846808569365827
0.018214571398731096
0.017877821609148338
0.01754344023443606
0.017211427274594293
0.016881782729623058
0.01655450659952239
0.01631117880560851
0.016223859478065216
0.01621467797678618
0.016205498381580172
0.016118387292515524
0.015877319415042345
0.015556691733510921
0.015237845160292017
0.014920779695385633
0.014605495338791814
0.014291992090510571
0.014058585418760795
0.013974759032175888
0.013965942727440289
0.013957127856120154
0.01387345807017558
0.013641842473455387
0.013333846765772055
0.013027632166401393
0.01272319867534343
0.012420546292598193
0.012119675018165695
0.011895719929685822
0.01181529790484745
0.011806839953979902
0.011798383436527829
0.011718118012329803
0.011495802202481595
0.011199761047481603
0.010904960005591505
0.010611399076811317
0.01031907826114105
0.010027997558580729
0.00981101420989699
0.009733029140424959
0.009724825425394677
0.009716622708393161
0.009638746673563061
0.009423010377408014
0.009135764350847328
0.008849758437396655
0.008564992637056006
0.008281466949825397
0.007999181375704845
0.007788778779151644
0.007713164027982575
0.0077052098201420794
0.007697256610330344
0.00762174871589964
0.007412411245913476
0.007133272512079722
0.006854865155395343
0.006577189175860345
0.00630024457347474
0.006024031348238531
0.005817839515516353
0.0057436716690227934
0.005735867617457174
0.0057280641544954665
0.005653960612979379
0.005448504250043204
0.005174552588191018
0.0049013323034882705
0.004628843395934975
0.004357085865531135
0.004086059712276763
0.00388374898660487
0.003810979074404312
0.0038033221738169014
0.0037956658618334034
0.003722950457871397
0.0035211643034524774
0.003251689806603104
0.002982456999235632
0.0027134658813497427
0.002444716452945618
0.002176208714023243
0.0019754620608257866
0.0019031883549716485
0.001895581617632466
