%% Coordinates
-469.8845505135384	-521.5479095862311
-469.8845505135384	-520.6700749117616
-470.76238518800824	-519.7922402372917
-478.6628972582348	-519.7922402372917
-478.6628972582348	-518.9144055628223
-479.54073193270466	-518.0365708883525
-482.17423595611353	-518.0365708883525
-482.17423595611353	-517.1587362138829
-483.05207063058305	-516.2809015394134
-487.4412440029312	-516.2809015394134
-487.4412440029312	-515.4030668649435
-488.3190786774011	-514.5252321904741
-492.7082520497493	-514.5252321904741
-492.7082520497493	-513.6473975160042
-493.5860867242188	-512.7695628415347
-496.21959074762765	-512.7695628415347
-496.21959074762765	-511.89172816706525
-497.0974254220975	-511.0138934925954
-501.4865987944457	-511.0138934925954
-501.4865987944457	-510.1360588181259
-502.3644334689152	-509.25822414365604
-506.75360684126343	-509.25822414365604
-506.75360684126343	-508.3803894691865
-507.6314415157333	-507.502554794717
-512.0206148880815	-507.502554794717
-512.0206148880815	-506.6247201202472
-512.898449562551	-505.7468854457777
-515.5319535859599	-505.7468854457777
-515.5319535859599	-504.86905077130785
-516.4097882604297	-503.99121609683834
-520.798961632778	-503.99121609683834
-520.798961632778	-503.11338142236883
-521.6767963072474	-502.235546747899
-526.0659696795956	-502.235546747899
-526.0659696795956	-501.35771207342947
-526.9438043540652	-500.4798773989596
-532.2108124008831	-500.4798773989596
-532.2108124008831	-499.6020427244901
-533.0886470753527	-498.7242080500206
-540.9891591455796	-498.7242080500206
-540.9891591455796	-497.8463733755508
-541.8669938200491	-496.9685387010813
-548.0118365413366	-496.9685387010813
-548.0118365413366	-496.09070402661143
-548.8896712158062	-495.2128693521419
-553.2788445881544	-495.2128693521419
-553.2788445881544	-494.3350346776724
-554.1566792626242	-493.45720000320256
-558.5458526349724	-493.45720000320256
-558.5458526349724	-492.57936532873305
-559.4236873094419	-491.7015306542632
-562.0571913328508	-491.7015306542632
-562.0571913328508	-490.8236959797937
-562.9350260073206	-489.9458613053242
-565.5685300307294	-489.9458613053242
-565.5685300307294	-489.0680266308544
-566.446364705199	-488.19019195638487
-569.0798687286082	-488.19019195638487
-569.0798687286082	-487.312357281915
-569.9577034030776	-486.4345226074455
-572.5912074264866	-486.4345226074455
-572.5912074264866	-485.556687932976
-573.4690421009564	-484.67885325850614
-576.1025461243653	-484.67885325850614
-576.1025461243653	-483.8010185840366
-576.9803807988347	-482.9231839095668
-577.8582154733045	-482.9231839095668
-577.8582154733045	-482.0453492350973
-578.7360501477741	-481.1675145606278
-581.3695541711829	-481.1675145606278
-581.3695541711829	-480.28967988615796
-582.2473888456528	-479.41184521168844
-583.1252235201223	-479.41184521168844
-583.1252235201223	-478.5340105372186
-584.0030581945919	-477.6561758627491
-584.8808928690617	-477.6561758627491
-584.8808928690617	-476.77834118827957
-585.7587275435312	-475.9005065138097
-586.636562218001	-475.9005065138097
-586.636562218001	-475.0226718393402
-587.5143968924705	-474.1448371648704
-588.39223156694	-474.1448371648704
-588.39223156694	-473.2670024904009
-589.2700662414098	-472.3891678159314
-590.1479009158794	-472.3891678159314
-590.1479009158794	-471.51133314146153
-591.0257355903492	-470.633498466992
-591.9035702648188	-470.633498466992
-591.9035702648188	-469.75566379252217
-592.7814049392882	-468.87782911805266
-593.6592396137581	-468.87782911805266
-593.6592396137581	-467.99999444358315
-594.5370742882276	-467.1221597691133
-595.4149089626974	-467.1221597691133
-595.4149089626974	-466.2443250946438
-596.292743637167	-465.366490420174
-597.1705783116364	-465.366490420174
-597.1705783116364	-464.4886557457045
-598.0484129861063	-463.61082107123497
-598.9262476605758	-463.61082107123497
-598.9262476605758	-462.7329863967651
-599.8040823350457	-461.8551517222956
-600.6819170095151	-461.8551517222956
-600.6819170095151	-460.97731704782575
-601.5597516839847	-460.09948237335624
-602.4375863584545	-460.09948237335624
-602.4375863584545	-459.2216476988867
-603.315421032924	-458.3438130244169
-604.1932557073939	-458.3438130244169
-604.1932557073939	-457.4659783499474
-605.0710903818633	-456.58814367547757
-607.7045944052722	-456.58814367547757
-607.7045944052722	-455.71030900100806
-608.582429079742	-454.83247432653855
-611.2159331031509	-454.83247432653855
-611.2159331031509	-453.9546396520687
-612.0937677776204	-453.0768049775992
-614.7272718010292	-453.0768049775992
-614.7272718010292	-452.19897030312933
-615.6051064754992	-451.3211356286598
-618.238610498908	-451.3211356286598
-618.238610498908	-450.4433009541903
-619.1164451733774	-449.5654662797205
-621.7499491967867	-449.5654662797205
-621.7499491967867	-448.687631605251
-622.6277838712562	-447.80979693078115
-623.5056185457257	-447.80979693078115
-623.5056185457257	-446.93196225631164
-624.3834532201955	-446.0541275818421
-627.0169572436043	-446.0541275818421
-627.0169572436043	-445.1762929073723
-627.8947919180739	-444.29845823290276
-628.7726265925437	-444.29845823290276
-628.7726265925437	-443.4206235584329
-629.6504612670133	-442.5427888839634
-630.5282959414831	-442.5427888839634
-630.5282959414831	-441.6649542094939
-631.4061306159526	-440.7871195350241
-632.2839652904221	-440.7871195350241
-632.2839652904221	-439.9092848605546
-633.161799964892	-439.0314501860847
-634.0396346393615	-439.0314501860847
-634.0396346393615	-438.1536155116152
-634.9174693138312	-437.2757808371457
-635.7953039883008	-437.2757808371457
-635.7953039883008	-436.39794616267585
-636.6731386627703	-435.52011148820634
-637.5509733372402	-435.52011148820634
-637.5509733372402	-432.8866074647975
-638.4288080117096	-432.00877279032767
-639.3066426861795	-432.00877279032767
-639.3066426861795	-431.13093811585816
-640.184477360649	-430.2531034413883
-641.0623120351186	-430.2531034413883
-641.0623120351186	-429.3752687669188
-641.9401467095884	-428.4974340924493
-642.8179813840579	-428.4974340924493
-642.8179813840579	-425.8639300690401
-643.6958160585277	-424.9860953945706
-644.5736507329972	-424.9860953945706
-644.5736507329972	-424.1082607201011
-645.4514854074667	-423.23042604563125
-646.3293200819365	-423.23042604563125
-646.3293200819365	-420.5969220222224
-647.2071547564061	-419.71908734775286
-648.0849894308759	-419.71908734775286
-648.0849894308759	-417.0855833243437
-648.9628241053455	-416.2077486498742
-649.8406587798149	-416.2077486498742
-649.8406587798149	-415.3299139754047
-650.7184934542847	-414.4520793009348
-651.5963281287543	-414.4520793009348
-651.5963281287543	-410.0629059285866
-652.4741628032241	-409.18507125411713
-653.3519974776937	-409.18507125411713
-653.3519974776937	-406.55156723070826
-654.2298321521631	-405.6737325562384
-655.107666826633	-405.6737325562384
-655.107666826633	-401.2845591838902
-655.9855015011025	-400.4067245094207
-656.8633361755724	-400.4067245094207
-656.8633361755724	-396.895385811542
-657.7411708500418	-396.0175511370725
-658.6190055245114	-396.0175511370725
-658.6190055245114	-391.6283777647243
-659.4968401989812	-390.75054309025444
-660.3746748734507	-390.75054309025444
-660.3746748734507	-384.60570036896723
-661.2525095479206	-383.7278656944974
-662.13034422239	-383.7278656944974
-662.13034422239	-363.53766818169566
-663.0081788968596	-362.65983350722615
-663.8860135713294	-362.65983350722615
-663.8860135713294	-347.7366440412422
-664.763848245799	-346.85880936677233
-665.6416829202687	-346.85880936677233
-665.6416829202687	-340.71396664548513
-666.5195175947383	-339.8361319710153
-667.3973522692078	-339.8361319710153
-667.3973522692078	-331.9356199007887
-668.2751869436776	-331.05778522631886
-669.1530216181471	-331.05778522631886
-669.1530216181471	-319.6459344582136
-670.0308562926169	-318.7680997837441
-670.9086909670865	-318.7680997837441
-670.9086909670865	-310.8675877135172
-671.786525641556	-309.9897530390477
-672.6643603160259	-309.9897530390477
-672.6643603160259	-286.2882168283673
-671.786525641556	-286.2882168283673
-670.9086909670865	-285.41038215389744
-670.9086909670865	-256.4418378963993
-670.0308562926169	-256.4418378963993
-669.1530216181471	-255.5640032219298
-669.1530216181471	-249.41916050064225
-668.2751869436776	-249.41916050064225
-667.3973522692078	-248.54132582617274
-667.3973522692078	-244.15215245382453
-666.5195175947383	-244.15215245382453
-665.6416829202687	-243.27431777935467
-665.6416829202687	-237.12947505806713
-664.763848245799	-237.12947505806713
-663.8860135713294	-236.25164038359762
-663.8860135713294	-226.59545896443169
-663.0081788968596	-226.59545896443169
-662.13034422239	-225.71762428996186
-662.13034422239	-216.06144287079593
-661.2525095479206	-216.06144287079593
-660.3746748734507	-215.18360819632608
-660.3746748734507	-201.13825340481196
-659.4968401989812	-201.13825340481196
-658.6190055245114	-200.26041873034245
-658.6190055245114	-192.35990666011554
-657.7411708500418	-192.35990666011554
-656.8633361755724	-191.48207198564603
-656.8633361755724	-185.33722926435846
-655.9855015011025	-185.33722926435846
-655.107666826633	-184.45939458988863
-655.107666826633	-180.07022121754042
-654.2298321521631	-180.07022121754042
-653.3519974776937	-179.1923865430709
-653.3519974776937	-174.8032131707227
-652.4741628032241	-174.8032131707227
-651.5963281287543	-173.9253784962532
-651.5963281287543	-169.53620512390498
-650.7184934542847	-169.53620512390498
-649.8406587798149	-168.65837044943515
-649.8406587798149	-160.75785837920856
-648.9628241053455	-160.75785837920856
-648.0849894308759	-159.88002370473873
-648.0849894308759	-151.97951163451216
-647.2071547564061	-151.97951163451216
-646.3293200819365	-151.1016769600423
-646.3293200819365	-146.7125035876941
-645.4514854074667	-146.7125035876941
-644.5736507329972	-145.8346689132246
-644.5736507329972	-143.20116488981574
-643.6958160585277	-143.20116488981574
-642.8179813840579	-142.3233302153459
-642.8179813840579	-141.44549554087638
-641.9401467095884	-141.44549554087638
-641.0623120351186	-140.56766086640656
-641.0623120351186	-139.68982619193704
-640.184477360649	-139.68982619193704
-639.3066426861795	-138.81199151746753
-639.3066426861795	-136.17848749405834
-638.4288080117096	-136.17848749405834
-637.5509733372402	-135.30065281958883
-637.5509733372402	-134.42281814511932
-636.6731386627703	-134.42281814511932
-635.7953039883008	-133.54498347064947
-635.7953039883008	-132.66714879617996
-634.9174693138312	-132.66714879617996
-634.0396346393615	-131.78931412171013
-634.0396346393615	-129.15581009830126
-633.161799964892	-129.15581009830126
-632.2839652904221	-128.27797542383178
-632.2839652904221	-127.40014074936194
-631.4061306159526	-127.40014074936194
-630.5282959414831	-126.52230607489243
-630.5282959414831	-123.88880205148357
-629.6504612670133	-123.88880205148357
-628.7726265925437	-123.01096737701373
-628.7726265925437	-120.37746335360487
-627.8947919180739	-120.37746335360487
-627.0169572436043	-119.49962867913536
-627.0169572436043	-118.62179400466552
-626.1391225691349	-118.62179400466552
-625.2612878946651	-117.743959330196
-625.2612878946651	-115.11045530678716
-624.3834532201955	-115.11045530678716
-623.5056185457257	-114.2326206323173
-623.5056185457257	-111.59911660890845
-622.6277838712562	-111.59911660890845
-621.7499491967867	-110.72128193443895
-621.7499491967867	-108.08777791103009
-620.8721145223168	-108.08777791103009
-619.9942798478473	-107.20994323656025
-619.9942798478473	-104.57643921315139
-619.1164451733774	-104.57643921315139
-618.238610498908	-103.69860453868188
-618.238610498908	-101.06510051527269
-617.3607758244385	-101.06510051527269
-616.4829411499686	-100.18726584080318
-616.4829411499686	-97.55376181739432
-615.6051064754992	-97.55376181739432
-614.7272718010292	-96.67592714292448
-614.7272718010292	-94.04242311951562
-613.8494371265598	-94.04242311951562
-612.9716024520902	-93.1645884450461
-612.9716024520902	-92.28675377057627
-612.0937677776204	-92.28675377057627
-611.2159331031509	-91.40891909610676
-611.2159331031509	-90.53108442163726
-610.3380984286811	-90.53108442163726
-609.4602637542116	-89.65324974716741
-609.4602637542116	-87.01974572375856
-608.582429079742	-87.01974572375856
-607.7045944052722	-86.14191104928905
-607.7045944052722	-85.26407637481921
-606.8267597308027	-85.26407637481921
-605.9489250563329	-84.3862417003497
-605.9489250563329	-83.50840702587986
-605.0710903818633	-83.50840702587986
-604.1932557073939	-82.63057235141035
-604.1932557073939	-81.75273767694084
-603.315421032924	-81.75273767694084
-602.4375863584545	-80.874903002471
-602.4375863584545	-79.99706832800149
-601.5597516839847	-79.99706832800149
-600.6819170095151	-79.11923365353165
-600.6819170095151	-78.24139897906214
-599.8040823350457	-78.24139897906214
-598.9262476605758	-77.36356430459263
-598.9262476605758	-76.48572963012279
-598.0484129861063	-76.48572963012279
-597.1705783116364	-75.60789495565328
-597.1705783116364	-74.73006028118344
-596.292743637167	-74.73006028118344
-595.4149089626974	-73.85222560671393
-595.4149089626974	-72.97439093224442
-594.5370742882276	-72.97439093224442
-593.6592396137581	-72.09655625777458
-593.6592396137581	-71.21872158330507
-592.7814049392882	-71.21872158330507
-591.9035702648188	-70.34088690883523
-591.9035702648188	-69.46305223436572
-591.0257355903492	-69.46305223436572
-590.1479009158794	-68.58521755989621
-590.1479009158794	-67.70738288542637
-589.2700662414098	-67.70738288542637
-588.39223156694	-66.82954821095686
-588.39223156694	-65.95171353648702
-587.5143968924705	-65.95171353648702
-586.636562218001	-65.07387886201751
-586.636562218001	-64.19604418754801
-585.7587275435312	-64.19604418754801
-584.8808928690617	-63.318209513078166
-584.8808928690617	-60.684705489669305
-584.0030581945919	-60.684705489669305
-583.1252235201223	-59.8068708151998
-583.1252235201223	-58.929036140729956
-582.2473888456528	-58.929036140729956
-581.3695541711829	-58.05120146626045
-581.3695541711829	-57.173366791790606
-578.7360501477741	-57.173366791790606
-577.8582154733045	-56.295532117321095
-577.8582154733045	-55.41769744285159
-576.9803807988347	-55.41769744285159
-576.1025461243653	-54.539862768381745
-576.1025461243653	-53.66202809391224
-575.2247114498954	-53.66202809391224
-574.3468767754259	-52.784193419442396
-574.3468767754259	-51.90635874497289
-571.713372752017	-51.90635874497289
-570.8355380775472	-51.02852407050338
-570.8355380775472	-50.15068939603354
-569.9577034030776	-50.15068939603354
-569.0798687286082	-49.27285472156403
-569.0798687286082	-48.39502004709419
-568.2020340541384	-48.39502004709419
-567.3241993796688	-47.51718537262468
-567.3241993796688	-46.63935069815518
-564.69069535626	-46.63935069815518
-563.8128606817901	-45.76151602368533
-563.8128606817901	-44.88368134921583
-562.9350260073206	-44.88368134921583
-562.0571913328508	-44.00584667474598
-562.0571913328508	-43.12801200027648
-561.1793566583813	-43.12801200027648
-560.3015219839118	-42.250177325806966
-560.3015219839118	-41.37234265133712
-557.6680179605025	-41.37234265133712
-556.7901832860331	-40.49450797686762
-556.7901832860331	-39.61667330239777
-555.9123486115635	-39.61667330239777
-555.0345139370937	-38.73883862792827
-555.0345139370937	-37.861003953458756
-554.1566792626242	-37.861003953458756
-553.2788445881544	-36.98316927898892
-553.2788445881544	-36.105334604519406
-550.6453405647455	-36.105334604519406
-549.767505890276	-35.22749993004957
-549.767505890276	-34.34966525558006
-548.8896712158062	-34.34966525558006
-548.0118365413366	-33.47183058111055
-548.0118365413366	-32.59399590664071
-547.1340018668672	-32.59399590664071
-546.2561671923972	-31.7161612321712
-546.2561671923972	-30.838326557701357
-545.3783325179278	-30.838326557701357
-544.500497843458	-29.96049188323185
-544.500497843458	-29.082657208762342
-541.8669938200491	-29.082657208762342
-540.9891591455796	-28.2048225342925
-540.9891591455796	-27.326987859822992
-538.3556551221707	-27.326987859822992
-537.4778204477009	-26.44915318535315
-537.4778204477009	-25.571318510883643
-536.5999857732314	-25.571318510883643
-535.7221510987615	-24.693483836414135
-535.7221510987615	-23.815649161944293
-533.0886470753527	-23.815649161944293
-532.2108124008831	-22.937814487474785
-532.2108124008831	-22.059979813004944
-530.4551430519438	-22.059979813004944
-529.5773083774743	-21.182145138535432
-529.5773083774743	-20.304310464065924
-526.9438043540652	-20.304310464065924
-526.0659696795956	-19.426475789596083
-526.0659696795956	-18.548641115126575
-525.1881350051261	-18.548641115126575
-524.3103003306562	-17.670806440656733
-524.3103003306562	-15.915137091717716
-521.6767963072474	-15.915137091717716
-520.798961632778	-15.037302417247874
-520.798961632778	-14.159467742778366
-519.921126958308	-14.159467742778366
-519.0432922838386	-13.281633068308524
-519.0432922838386	-12.403798393839017
-518.1654576093687	-12.403798393839017
-517.2876229348992	-11.525963719369507
-517.2876229348992	-10.648129044899667
-516.4097882604297	-10.648129044899667
-515.5319535859599	-9.770294370430157
-515.5319535859599	-7.136790347021299
-514.6541189114903	-7.136790347021299
-513.7762842370205	-6.258955672551458
-513.7762842370205	-5.38112099808195
-512.898449562551	-5.38112099808195
-512.0206148880815	-4.503286323612109
-512.0206148880815	-1.8697823002032503
-511.1427802136116	-1.8697823002032503
-510.2649455391421	-0.9919476257337417
-510.2649455391421	1.6415563976751164
-509.3871108646723	1.6415563976751164
-508.5092761902028	2.5193910721449577
-508.5092761902028	3.3972257466144664
-507.6314415157333	3.3972257466144664
-506.75360684126343	4.275060421084308
-506.75360684126343	5.152895095553816
-505.8757721667939	5.152895095553816
-504.99793749232407	6.030729770023325
-504.99793749232407	8.664233793432516
-504.12010281785456	8.664233793432516
-503.24226814338505	9.542068467902023
-503.24226814338505	12.175572491310882
-502.3644334689152	12.175572491310882
-501.4865987944457	13.053407165780724
-501.4865987944457	13.931241840250232
-500.6087641199759	13.931241840250232
-499.7309294455064	14.809076514719742
-499.7309294455064	15.686911189189582
-498.85309477103687	15.686911189189582
-497.975260096567	16.564745863659088
-497.975260096567	17.44258053812893
-497.0974254220975	17.44258053812893
-496.21959074762765	18.320415212598437
-496.21959074762765	19.19824988706795
-493.5860867242188	19.19824988706795
-492.7082520497493	20.076084561537787
-492.7082520497493	20.953919236007298
-491.83041737527947	20.953919236007298
-490.95258270080996	21.831753910477136
-490.95258270080996	22.709588584946648
-490.07474802634044	22.709588584946648
-489.1969133518706	23.587423259416155
-489.1969133518706	24.465257933885997
-488.3190786774011	24.465257933885997
-487.4412440029312	25.343092608355505
-487.4412440029312	26.220927282825347
-486.5634093284617	26.220927282825347
-485.6855746539922	27.098761957294855
-485.6855746539922	27.976596631764362
-484.8077399795224	27.976596631764362
-483.9299053050529	28.854431306234204
-483.9299053050529	29.732265980703712
-483.05207063058305	29.732265980703712
-482.17423595611353	30.610100655173554
-482.17423595611353	31.48793532964306
-481.296401281644	31.48793532964306
-480.41856660717417	32.36577000411257
-480.41856660717417	34.999274027521764
-479.54073193270466	34.999274027521764
-478.6628972582348	35.87710870199127
-478.6628972582348	36.75494337646078
-477.7850625837653	36.75494337646078
-476.9072279092958	37.63277805093062
-476.9072279092958	40.26628207433948
-476.029393234826	40.26628207433948
-475.1515585603565	41.14411674880899
-475.1515585603565	42.02195142327883
-474.2737238858866	42.02195142327883
-473.3958892114171	42.89978609774834
-473.3958892114171	43.77762077221818
-472.5180545369476	43.77762077221818
-471.64021986247775	44.65545544668769
-471.64021986247775	45.533290121157194
-470.76238518800824	45.533290121157194
-469.8845505135384	46.41112479562704
-469.8845505135384	47.28895947009654
-469.0067158390689	47.28895947009654
-468.1288811645994	48.16679414456639
-468.1288811645994	49.04462881903589
-467.25104649012957	49.04462881903589
-466.37321181566006	49.922463493505404
-466.37321181566006	50.80029816797524
-465.4953771411902	50.80029816797524
-464.6175424667207	51.678132842444754
-464.6175424667207	52.55596751691459
-463.7397077922512	52.55596751691459
-462.86187311778133	53.4338021913841
-462.86187311778133	54.311636865853615
-460.2283690943725	54.311636865853615
-459.350534419903	55.18947154032345
-459.350534419903	56.067306214792964
-458.47269974543315	56.067306214792964
-457.59486507096364	56.9451408892628
-457.59486507096364	57.822975563732314
-456.7170303964938	57.822975563732314
-455.8391957220243	58.70081023820182
-455.8391957220243	59.57864491267166
-454.96136104755476	59.57864491267166
-454.0835263730849	60.45647958714117
-454.0835263730849	61.33431426161101
-451.4500223496761	61.33431426161101
-450.5721876752066	62.21214893608052
-450.5721876752066	63.08998361055003
-449.6943530007367	63.08998361055003
-448.8165183262672	63.96781828501987
-448.8165183262672	64.84565295948937
-447.93868365179736	64.84565295948937
-447.06084897732785	65.72348763395922
-447.06084897732785	66.60132230842872
-446.18301430285834	66.60132230842872
-445.3051796283885	67.47915698289823
-445.3051796283885	68.35699165736807
-444.427344953919	68.35699165736807
-443.5495102794492	69.23482633183758
-443.5495102794492	71.86833035524644
-442.67167560497967	71.86833035524644
-441.79384093051016	72.74616502971628
-441.79384093051016	73.62399970418579
-440.9160062560403	73.62399970418579
-440.0381715815708	74.50183437865563
-440.0381715815708	75.37966905312514
-439.16033690710094	75.37966905312514
-438.28250223263143	76.25750372759465
-438.28250223263143	78.89100775100384
-437.4046675581619	78.89100775100384
-436.5268328836921	79.76884242547335
-436.5268328836921	80.64667709994286
-435.6489982092226	80.64667709994286
-434.77116353475276	81.5245117744127
-434.77116353475276	82.40234644888221
-433.89332886028325	82.40234644888221
-433.01549418581374	83.28018112335205
-433.01549418581374	84.15801579782156
-432.1376595113439	84.15801579782156
-431.2598248368744	85.03585047229107
-431.2598248368744	85.91368514676091
-430.3819901624045	85.91368514676091
-429.504155487935	86.79151982123042
-429.504155487935	87.66935449570026
-426.8706514645262	87.66935449570026
-425.99281679005634	88.54718917016977
-425.99281679005634	89.42502384463927
-425.1149821155868	89.42502384463927
-424.2371474411173	90.30285851910912
-424.2371474411173	91.18069319357862
-423.35931276664746	91.18069319357862
-422.48147809217795	92.05852786804847
-422.48147809217795	92.93636254251797
-421.6036434177081	92.93636254251797
-420.7258087432386	93.81419721698748
-420.7258087432386	94.69203189145732
-419.8479740687691	94.69203189145732
-418.9701393942993	95.56986656592683
-418.9701393942993	98.20337058933569
-418.09230471982977	98.20337058933569
-417.2144700453599	99.08120526380553
-417.2144700453599	99.95903993827504
-416.3366353708904	99.95903993827504
-415.4588006964209	100.83687461274488
-415.4588006964209	103.47037863615374
-414.58096602195104	103.47037863615374
-413.70313134748153	104.34821331062325
-413.70313134748153	105.22604798509309
-412.8252966730117	105.22604798509309
-411.9474619985422	106.1038826595626
-411.9474619985422	106.98171733403211
-411.0696273240727	106.98171733403211
-410.19179264960286	107.85955200850195
-410.19179264960286	108.73738668297146
-409.31395797513335	108.73738668297146
-408.4361233006635	109.6152213574413
-408.4361233006635	110.49305603191081
-407.558288626194	110.49305603191081
-406.6804539517245	111.37089070638032
-406.6804539517245	112.24872538085016
-404.0469499283153	112.24872538085016
-403.1691152538458	113.12656005531967
-403.1691152538458	114.00439472978951
-402.2912805793763	114.00439472978951
-401.41344590490644	114.88222940425902
-401.41344590490644	115.76006407872852
-398.77994188149756	115.76006407872852
-397.90210720702805	116.63789875319837
-397.90210720702805	117.51573342766787
-395.2686031836189	117.51573342766787
-394.3907685091494	118.39356810213772
-394.3907685091494	119.27140277660722
-391.7572644857405	119.27140277660722
-390.87942981127065	120.14923745107673
-390.87942981127065	121.02707212554657
-388.2459257878618	121.02707212554657
-387.3680911133923	121.90490680001608
-387.3680911133923	122.78274147448592
-386.4902564389225	122.78274147448592
-385.61242176445296	123.66057614895543
-385.61242176445296	124.53841082342494
-382.9789177410441	124.53841082342494
-382.10108306657423	125.41624549789478
-382.10108306657423	126.29408017236429
-381.2232483921047	126.29408017236429
-380.3454137176352	127.17191484683413
-380.3454137176352	128.04974952130365
-377.71190969422605	128.04974952130365
-376.83407501975654	128.92758419577316
-376.83407501975654	129.80541887024302
-375.95624034528703	129.80541887024302
-375.0784056708172	130.6832535447125
-375.0784056708172	131.56108821918235
-374.20057099634766	131.56108821918235
-373.3227363218778	132.43892289365186
-373.3227363218778	133.31675756812137
-372.4449016474083	133.31675756812137
-371.5670669729388	134.1945922425912
-371.5670669729388	135.0724269170607
-368.93356294952963	135.0724269170607
-368.0557282750601	135.95026159153056
-368.0557282750601	136.82809626600007
-367.1778936005906	136.82809626600007
-366.30005892612076	137.70593094046959
-366.30005892612076	140.33943496387877
-365.42222425165124	140.33943496387877
-364.5443895771814	141.21726963834828
-364.5443895771814	142.0951043128178
-363.66655490271194	142.0951043128178
-362.7887202282424	142.97293898728762
-362.7887202282424	143.85077366175713
-361.9108855537726	143.85077366175713
-361.03305087930306	144.72860833622698
-361.03305087930306	147.36211235963583
-360.1552162048332	147.36211235963583
-359.2773815303637	148.23994703410534
-359.2773815303637	150.8734510575142
-358.3995468558942	150.8734510575142
-357.52171218142433	151.75128573198404
-357.52171218142433	154.38478975539292
-356.6438775069548	154.38478975539292
-355.766042832485	155.2626244298624
-355.766042832485	157.89612845327161
-354.8882081580155	157.89612845327161
-354.010373483546	158.7739631277411
-354.010373483546	159.6517978022106
-353.13253880907615	159.6517978022106
-352.25470413460664	160.52963247668046
-352.25470413460664	163.1631365000893
-351.3768694601368	163.1631365000893
-350.4990347856673	164.04097117455882
-350.4990347856673	166.674475197968
-349.62120011119777	166.674475197968
-348.7433654367279	167.55230987243752
-348.7433654367279	170.1858138958464
-347.8655307622584	170.1858138958464
-346.9876960877886	171.06364857031622
-346.9876960877886	173.6971525937251
-346.1098614133191	173.6971525937251
-345.2320267388496	174.5749872681946
-345.2320267388496	176.33065661713394
-344.35419206437973	176.33065661713394
-343.4763573899102	177.20849129160345
-343.4763573899102	179.84199531501264
-342.59852271544037	179.84199531501264
-341.72068804097086	180.71982998948215
-341.72068804097086	183.353334012891
-340.84285336650134	183.353334012891
-339.9650186920315	184.23116868736085
-339.9650186920315	185.10900336183036
-339.08718401756204	185.10900336183036
-338.2093493430922	185.98683803629987
-338.2093493430922	188.62034205970906
-337.3315146686227	188.62034205970906
-336.45367999415316	189.49817673417857
-336.45367999415316	192.13168075758742
-334.6980106452138	192.13168075758742
-333.82017597074395	193.00951543205727
-333.82017597074395	193.88735010652678
-332.94234129627444	193.88735010652678
-332.0645066218049	194.7651847809963
-332.0645066218049	197.39868880440548
-331.1866719473351	197.39868880440548
-330.3088372728656	198.276523478875
-330.3088372728656	200.91002750228384
-329.43100259839576	200.91002750228384
-328.55316792392625	201.7878621767537
-328.55316792392625	206.1770355491019
-327.67533324945674	206.1770355491019
-326.7974985749869	207.05487022357138
-326.7974985749869	213.19971294485896
-325.9196639005174	213.19971294485896
-325.0418292260475	214.07754761932847
-325.0418292260475	218.46672099167668
-324.163994551578	218.46672099167668
-323.2861598771085	219.3445556661465
-323.2861598771085	223.73372903849472
-322.4083252026387	223.73372903849472
-321.5304905281692	224.61156371296423
-321.5304905281692	227.2450677363731
-320.65265585369934	227.2450677363731
-319.77482117922983	228.12290241084293
-319.77482117922983	232.51207578319114
-318.8969865047603	232.51207578319114
-318.01915183029047	233.38991045766065
-318.01915183029047	255.3357773194017
-318.8969865047603	256.21361199387115
-319.77482117922983	256.21361199387115
-319.77482117922983	264.11412406409806
-318.8969865047603	264.11412406409806
-318.01915183029047	264.9919587385676
-318.01915183029047	272.8924708087945
-317.14131715582096	272.8924708087945
-316.2634824813511	273.770305483264
-316.2634824813511	279.91514820455154
-315.3856478068816	279.91514820455154
-314.50781313241214	280.7929828790214
-314.50781313241214	283.42648690243027
-313.6299784579423	283.42648690243027
-312.7521437834728	284.3043215768998
-312.7521437834728	286.9378256003086
-311.8743091090029	286.9378256003086
-310.9964744345334	287.81566027477845
-310.9964744345334	288.69349494924796
-310.1186397600639	288.69349494924796
-309.24080508559405	289.5713296237178
-309.24080508559405	292.2048336471267
-308.36297041112454	292.2048336471267
-307.48513573665474	293.0826683215962
-307.48513573665474	293.960502996066
-306.60730106218523	293.960502996066
-305.7294663877157	294.8383376705355
-305.7294663877157	297.4718416939444
-304.85163171324587	297.4718416939444
-303.97379703877635	298.34967636841424
-303.97379703877635	300.9831803918231
-303.0959623643065	300.9831803918231
-302.218127689837	301.8610150662926
-302.218127689837	302.7388497407624
-301.3402930153675	302.7388497407624
-300.4624583408976	303.61668441523193
-300.4624583408976	306.2501884386408
-299.5846236664281	306.2501884386408
-298.7067889919583	307.12802311311066
-298.7067889919583	309.76152713651953
-297.8289543174888	309.76152713651953
-296.9511196430193	310.639361810989
-296.9511196430193	311.51719648545884
-296.07328496854944	311.51719648545884
-295.19545029407993	312.39503115992835
-295.19545029407993	315.0285351833372
-294.3176156196101	315.0285351833372
-293.43978094514057	315.9063698578071
-293.43978094514057	316.7842045322766
-292.56194627067106	316.7842045322766
-291.6841115962012	317.6620392067461
-291.6841115962012	318.5398738812159
-290.8062769217317	318.5398738812159
-289.9284422472619	319.4177085556854
-289.9284422472619	320.29554323015526
-289.0506075727924	320.29554323015526
-288.1727728983229	321.1733779046248
-288.1727728983229	322.0512125790943
-287.294938223853	322.0512125790943
-286.4171035493835	322.92904725356414
-286.4171035493835	325.562551276973
-285.53926887491366	325.562551276973
-284.66143420044415	326.4403859514425
-284.66143420044415	329.0738899748517
-283.78359952597464	329.0738899748517
-282.90576485150484	329.9517246493212
-282.90576485150484	334.3408980216694
-282.02793017703533	334.3408980216694
-281.1500955025655	335.2187326961389
-281.1500955025655	337.8522367195481
-280.27226082809597	337.8522367195481
-279.39442615362645	338.7300713940176
-279.39442615362645	341.3635754174265
-278.5165914791566	341.3635754174265
-277.6387568046871	342.2414100918963
-277.6387568046871	343.1192447663658
-276.76092213021724	343.1192447663658
-275.8830874557477	343.9970794408353
-275.8830874557477	346.6305834642445
-275.0052527812782	346.6305834642445
-274.1274181068084	347.50841813871403
-274.1274181068084	348.38625281318355
-273.2495834323389	348.38625281318355
-272.37174875786906	349.2640874876534
-272.37174875786906	350.1419221621229
-271.49391408339955	350.1419221621229
-270.61607940893003	351.0197568365927
-270.61607940893003	353.6532608600016
-269.7382447344602	353.6532608600016
-268.86041005999067	354.5310955344711
-268.86041005999067	355.40893020894094
-267.9825753855208	355.40893020894094
-267.1047407110513	356.28676488341046
-267.1047407110513	357.16459955787997
-266.2269060365818	357.16459955787997
-265.349071362112	358.0424342323498
-265.349071362112	358.9202689068193
-264.4712366876425	358.9202689068193
-263.59340201317264	359.7981035812891
-263.59340201317264	360.67593825575864
-262.7155673387031	360.67593825575864
-261.8377326642336	361.55377293022815
-261.8377326642336	362.431607604698
-259.2042286408244	362.431607604698
-258.32639396635494	363.3094422791675
-258.32639396635494	364.18727695363737
-255.69288994294604	364.18727695363737
-254.8150552684762	365.0651116281069
-254.8150552684762	366.8207809770462
-252.18155124506734	366.8207809770462
-251.30371657059783	367.6986156515157
-251.30371657059783	368.57645032598555
-250.42588189612798	368.57645032598555
-249.54804722165846	369.45428500045506
-249.54804722165846	370.33211967492457
-248.67021254718895	370.33211967492457
-247.79237787271913	371.2099543493944
-247.79237787271913	372.08778902386393
-246.91454319824962	372.08778902386393
-246.03670852377977	372.9656236983338
-246.03670852377977	373.8434583728033
-245.15887384931025	373.8434583728033
-244.28103917484074	374.7212930472728
-244.28103917484074	375.5991277217426
-243.40320450037092	375.5991277217426
-242.5253698259014	376.4769623962121
-242.5253698259014	379.110466419621
-241.64753515143155	379.110466419621
-240.76970047696204	379.98830109409084
-240.76970047696204	380.86613576856035
-239.89186580249256	380.86613576856035
-239.0140311280227	381.7439704430302
-239.0140311280227	382.6218051174997
-238.1361964535532	382.6218051174997
-237.25836177908334	383.4996397919692
-237.25836177908334	384.377474466439
-236.38052710461386	384.377474466439
-235.50269243014435	385.25530914090854
-235.50269243014435	386.1331438153784
-232.86918840673513	386.1331438153784
-231.99135373226565	387.0109784898479
-231.99135373226565	387.8888131643174
-229.35784970885678	387.8888131643174
-228.48001503438695	388.76664783878726
-228.48001503438695	389.6444825132568
-227.60218035991744	389.6444825132568
-226.72434568544793	390.52231718772657
-226.72434568544793	391.4001518621961
-224.09084166203874	391.4001518621961
-223.21300698756923	392.2779865366656
-223.21300698756923	393.15582121113545
-222.33517231309972	393.15582121113545
-221.45733763862987	394.03365588560496
-221.45733763862987	394.9114905600748
-220.57950296416035	394.9114905600748
-219.70166828969053	395.7893252345443
-219.70166828969053	396.66715990901383
-218.82383361522102	396.66715990901383
-217.9459989407515	397.5449945834837
-217.9459989407515	398.4228292579532
-217.06816426628166	398.4228292579532
-216.19032959181214	399.300663932423
-216.19032959181214	400.1784986068925
-215.31249491734232	400.1784986068925
-214.4346602428728	401.056333281362
-214.4346602428728	401.93416795583187
-210.0454868705246	401.93416795583187
-209.1676521960551	402.8120026303014
-209.1676521960551	403.68983730477123
-203.02280947476754	403.68983730477123
-202.1449748002977	404.56767197924074
-202.1449748002977	407.2011760026496
-201.26714012582818	407.2011760026496
-200.38930545135867	408.0790106771194
-200.38930545135867	408.9568453515889
-196.00013207901046	408.9568453515889
-195.12229740454063	409.83468002605844
-195.12229740454063	410.7125147005283
-190.73312403219242	410.7125147005283
-189.8552893577229	411.5903493749978
-189.8552893577229	412.46818404946765
-187.22178533431406	412.46818404946765
-186.3439506598442	413.34601872393716
-186.3439506598442	414.2238533984067
-185.4661159853747	414.2238533984067
-184.58828131090485	415.10168807287647
-184.58828131090485	415.979522747346
-181.954777287496	415.979522747346
-181.0769426130265	416.85735742181583
-181.0769426130265	417.73519209628535
-178.44343858961764	417.73519209628535
-177.5656039151478	418.61302677075486
-177.5656039151478	419.4908614452247
-174.93209989173894	419.4908614452247
-174.05426521726943	420.3686961196942
-174.05426521726943	421.2465307941641
-171.42076119386024	421.2465307941641
-170.54292651939073	422.1243654686336
-170.54292651939073	423.0022001431031
-166.15375314704252	423.0022001431031
-165.275918472573	423.8800348175729
-165.275918472573	424.7578694920424
-162.64241444916382	424.7578694920424
-161.7645797746943	425.63570416651226
-161.7645797746943	426.51353884098177
-155.61973705340677	426.51353884098177
-154.74190237893725	427.3913735154513
-154.74190237893725	428.26920818992113
-152.10839835552838	428.26920818992113
-151.23056368105856	429.14704286439064
-151.23056368105856	430.0248775388605
-146.84139030871034	430.0248775388605
-145.96355563424083	430.90271221333
-145.96355563424083	431.78054688779946
-143.33005161083196	431.78054688779946
-142.45221693636213	432.6583815622693
-142.45221693636213	433.5362162367388
-138.94087823848375	433.5362162367388
-138.06304356401392	434.4140509112087
-138.06304356401392	435.2918855856782
-93.29347516606234	435.2918855856782
-92.41564049159248	436.1697202601477
-92.41564049159248	437.04755493461755
-75.7367816766695	437.04755493461755
-75.7367816766695	436.1697202601477
-74.85894700219966	435.2918855856782
-73.98111232773014	435.2918855856782
-73.98111232773014	434.4140509112087
-73.10327765326065	433.5362162367388
-65.20276558303374	433.5362162367388
-65.20276558303374	432.6583815622693
-64.32493090856423	431.78054688779946
-59.93575753621602	431.78054688779946
-59.93575753621602	430.90271221333
-59.057922861746185	430.0248775388605
-52.913080140458625	430.0248775388605
-52.913080140458625	429.14704286439064
-52.035245465989114	428.26920818992113
-37.11205600000514	428.26920818992113
-37.11205600000514	427.3913735154513
-36.234221325535636	426.51353884098177
-24.82237055743036	426.51353884098177
-24.82237055743036	425.63570416651226
-23.94453588296052	424.7578694920424
-14.288354463794592	424.7578694920424
-14.288354463794592	423.8800348175729
-13.410519789324752	423.0022001431031
-7.265677068037526	423.0022001431031
-7.265677068037526	422.1243654686336
-6.387842393567685	421.2465307941641
-1.9986690212194773	421.2465307941641
-1.9986690212194773	420.3686961196942
-1.1208343467499688	419.4908614452247
3.268339025598239	419.4908614452247
3.268339025598239	418.61302677075486
4.146173700068081	417.73519209628535
8.53534707241629	417.73519209628535
8.53534707241629	416.85735742181583
9.413181746885797	415.979522747346
13.802355119234006	415.979522747346
13.802355119234006	415.10168807287647
14.680189793703514	414.2238533984067
19.06936316605172	414.2238533984067
19.06936316605172	413.34601872393716
19.94719784052156	412.46818404946765
22.58070186393042	412.46818404946765
22.58070186393042	411.5903493749978
23.45853653839993	410.7125147005283
26.09204056180912	410.7125147005283
26.09204056180912	409.83468002605844
26.96987523627863	408.9568453515889
29.603379259687486	408.9568453515889
29.603379259687486	408.0790106771194
30.481213934157328	407.2011760026496
31.359048608626836	407.2011760026496
31.359048608626836	406.3233413281801
32.23688328309635	405.44550665371025
33.114717957566185	405.44550665371025
33.114717957566185	404.56767197924074
33.9925526320357	403.68983730477123
34.870387306505535	403.68983730477123
34.870387306505535	402.8120026303014
35.748221980975046	401.93416795583187
36.62605665544455	401.93416795583187
36.62605665544455	401.056333281362
37.503891329914396	400.1784986068925
40.13739535332325	400.1784986068925
40.13739535332325	399.300663932423
41.01523002779276	398.4228292579532
41.8930647022626	398.4228292579532
41.8930647022626	397.5449945834837
42.77089937673211	396.66715990901383
43.64873405120195	396.66715990901383
43.64873405120195	395.7893252345443
44.52656872567146	394.9114905600748
48.91574209801967	394.9114905600748
48.91574209801967	394.03365588560496
49.793576772489175	393.15582121113545
52.42708079589837	393.15582121113545
52.42708079589837	392.2779865366656
53.304915470367874	391.4001518621961
56.81625416824657	391.4001518621961
56.81625416824657	390.52231718772657
57.694088842716084	389.6444825132568
60.327592866124945	389.6444825132568
60.327592866124945	388.76664783878726
61.20542754059478	387.8888131643174
63.838931564003644	387.8888131643174
63.838931564003644	387.0109784898479
64.71676623847316	386.1331438153784
67.35027026188202	386.1331438153784
67.35027026188202	385.25530914090854
68.22810493635185	384.377474466439
69.10593961082137	384.377474466439
69.10593961082137	383.4996397919692
69.9837742852912	382.6218051174997
70.86160895976072	382.6218051174997
70.86160895976072	381.7439704430302
71.73944363423023	380.86613576856035
72.61727830870007	380.86613576856035
72.61727830870007	379.98830109409084
73.49511298316958	379.110466419621
74.37294765763941	379.110466419621
74.37294765763941	378.2326317451515
75.25078233210893	377.35479707068197
76.12861700657844	377.35479707068197
76.12861700657844	376.4769623962121
77.00645168104828	375.5991277217426
77.88428635551779	375.5991277217426
77.88428635551779	374.7212930472728
78.76212102998763	373.8434583728033
79.63995570445714	373.8434583728033
79.63995570445714	372.9656236983338
80.51779037892663	372.08778902386393
81.39562505339649	372.08778902386393
81.39562505339649	371.2099543493944
82.27345972786598	370.33211967492457
83.15129440233584	370.33211967492457
83.15129440233584	369.45428500045506
84.02912907680533	368.57645032598555
84.90696375127484	368.57645032598555
84.90696375127484	367.6986156515157
85.78479842574468	366.8207809770462
86.6626331002142	366.8207809770462
86.6626331002142	365.0651116281069
87.54046777468403	364.18727695363737
88.41830244915354	364.18727695363737
88.41830244915354	363.3094422791675
89.29613712362305	362.431607604698
90.1739717980929	362.431607604698
90.1739717980929	361.55377293022815
91.0518064725624	360.67593825575864
91.92964114703224	360.67593825575864
91.92964114703224	358.0424342323498
92.80747582150175	357.16459955787997
93.68531049597127	357.16459955787997
93.68531049597127	356.28676488341046
94.5631451704411	355.40893020894094
95.44097984491061	355.40893020894094
95.44097984491061	354.5310955344711
96.31881451938045	353.6532608600016
97.19664919384996	353.6532608600016
97.19664919384996	351.0197568365927
98.07448386831948	350.1419221621229
98.95231854278931	350.1419221621229
98.95231854278931	347.50841813871403
99.83015321725883	346.6305834642445
100.70798789172866	346.6305834642445
100.70798789172866	345.75274878977467
101.58582256619817	344.87491411530516
102.46365724066769	344.87491411530516
102.46365724066769	342.2414100918963
103.34149191513752	341.3635754174265
104.21932658960704	341.3635754174265
104.21932658960704	340.485740742957
105.09716126407687	339.6079060684871
105.97499593854639	339.6079060684871
105.97499593854639	336.97440204507825
106.85283061301588	336.09656737060874
107.73066528748573	336.09656737060874
107.73066528748573	335.2187326961389
108.60849996195523	334.3408980216694
109.48633463642508	334.3408980216694
109.48633463642508	331.70739399826056
110.36416931089458	330.8295593237907
111.2420039853641	330.8295593237907
111.2420039853641	329.9517246493212
112.11983865983393	329.0738899748517
112.99767333430344	329.0738899748517
112.99767333430344	328.19605530038183
113.87550800877328	327.3182206259123
114.75334268324279	327.3182206259123
114.75334268324279	324.6847166025035
115.6311773577123	323.80688192803365
116.50901203218214	323.80688192803365
116.50901203218214	321.1733779046248
117.38684670665165	320.29554323015526
118.26468138112149	320.29554323015526
118.26468138112149	317.6620392067461
119.142516055591	316.7842045322766
120.02035073006051	316.7842045322766
120.02035073006051	314.1507005088677
120.89818540453035	313.27286583439786
121.77602007899986	313.27286583439786
121.77602007899986	308.8836924620497
122.6538547534697	308.00585778758017
123.53168942793921	308.00585778758017
123.53168942793921	303.61668441523193
124.40952410240872	302.7388497407624
125.28735877687856	302.7388497407624
125.28735877687856	298.34967636841424
126.16519345134807	297.4718416939444
127.04302812581791	297.4718416939444
127.04302812581791	293.0826683215962
127.92086280028742	292.2048336471267
128.79869747475692	292.2048336471267
128.79869747475692	286.0599909258391
129.67653214922677	285.18215625136963
130.55436682369628	285.18215625136963
130.55436682369628	279.03731353008203
131.4322014981661	278.15947885561224
132.31003617263562	278.15947885561224
132.31003617263562	270.2589667853856
133.18787084710513	269.3811321109158
134.06570552157498	269.3811321109158
134.06570552157498	259.7249506917499
134.9435401960445	258.84711601728037
135.82137487051432	258.84711601728037
135.82137487051432	196.52085412993563
134.9435401960445	196.52085412993563
134.06570552157498	195.64301945546612
134.06570552157498	189.49817673417857
133.18787084710513	189.49817673417857
132.31003617263562	188.62034205970906
132.31003617263562	182.47549933842149
131.4322014981661	182.47549933842149
130.55436682369628	181.59766466395166
130.55436682369628	177.20849129160345
129.67653214922677	177.20849129160345
128.79869747475692	176.33065661713394
128.79869747475692	171.06364857031622
127.92086280028742	171.06364857031622
127.04302812581791	170.1858138958464
127.04302812581791	165.79664052349818
126.16519345134807	165.79664052349818
125.28735877687856	164.91880584902867
125.28735877687856	160.52963247668046
124.40952410240872	160.52963247668046
123.53168942793921	159.6517978022106
123.53168942793921	157.01829377880176
122.6538547534697	157.01829377880176
121.77602007899986	156.14045910433225
121.77602007899986	153.5069550809234
120.89818540453035	153.5069550809234
120.02035073006051	152.62912040645355
120.02035073006051	149.9956163830447
119.142516055591	149.9956163830447
118.26468138112149	149.1177817085752
118.26468138112149	148.23994703410534
117.38684670665165	148.23994703410534
116.50901203218214	147.36211235963583
116.50901203218214	146.484277685166
115.6311773577123	146.484277685166
114.75334268324279	145.6064430106965
114.75334268324279	142.97293898728762
113.87550800877328	142.97293898728762
112.99767333430344	142.0951043128178
112.99767333430344	141.21726963834828
112.11983865983393	141.21726963834828
111.2420039853641	140.33943496387877
111.2420039853641	139.46160028940892
110.36416931089458	139.46160028940892
109.48633463642508	138.5837656149394
109.48633463642508	137.70593094046959
108.60849996195523	137.70593094046959
107.73066528748573	136.82809626600007
107.73066528748573	134.1945922425912
106.85283061301588	134.1945922425912
105.97499593854639	133.31675756812137
105.97499593854639	132.43892289365186
105.09716126407687	132.43892289365186
104.21932658960704	131.56108821918235
104.21932658960704	130.6832535447125
103.34149191513752	130.6832535447125
102.46365724066769	129.80541887024302
102.46365724066769	128.92758419577316
101.58582256619817	128.92758419577316
100.70798789172866	128.04974952130365
100.70798789172866	127.17191484683413
98.07448386831948	127.17191484683413
97.19664919384996	126.29408017236429
97.19664919384996	125.41624549789478
96.31881451938045	125.41624549789478
95.44097984491061	124.53841082342494
95.44097984491061	123.66057614895543
94.5631451704411	123.66057614895543
93.68531049597127	122.78274147448592
93.68531049597127	121.90490680001608
91.0518064725624	121.90490680001608
90.1739717980929	121.02707212554657
90.1739717980929	120.14923745107673
89.29613712362305	120.14923745107673
88.41830244915354	119.27140277660722
88.41830244915354	118.39356810213772
87.54046777468403	118.39356810213772
86.6626331002142	117.51573342766787
86.6626331002142	116.63789875319837
85.78479842574468	116.63789875319837
84.90696375127484	115.76006407872852
84.90696375127484	114.88222940425902
82.27345972786598	114.88222940425902
81.39562505339649	114.00439472978951
81.39562505339649	113.12656005531967
80.51779037892663	113.12656005531967
79.63995570445714	112.24872538085016
79.63995570445714	111.37089070638032
78.76212102998763	111.37089070638032
77.88428635551779	110.49305603191081
77.88428635551779	109.6152213574413
77.00645168104828	109.6152213574413
76.12861700657844	108.73738668297146
76.12861700657844	107.85955200850195
75.25078233210893	107.85955200850195
74.37294765763941	106.98171733403211
74.37294765763941	106.1038826595626
73.49511298316958	106.1038826595626
72.61727830870007	105.22604798509309
72.61727830870007	104.34821331062325
71.73944363423023	104.34821331062325
70.86160895976072	103.47037863615374
70.86160895976072	100.83687461274488
69.9837742852912	100.83687461274488
69.10593961082137	99.95903993827504
69.10593961082137	99.08120526380553
68.22810493635185	99.08120526380553
67.35027026188202	98.20337058933569
67.35027026188202	97.32553591486618
66.4724355874125	97.32553591486618
65.594600912943	96.44770124039667
65.594600912943	95.56986656592683
64.71676623847316	95.56986656592683
63.838931564003644	94.69203189145732
63.838931564003644	93.81419721698748
62.9610968895338	93.81419721698748
62.083262215064295	92.93636254251797
62.083262215064295	92.05852786804847
61.20542754059478	92.05852786804847
60.327592866124945	91.18069319357862
60.327592866124945	90.30285851910912
57.694088842716084	90.30285851910912
56.81625416824657	89.42502384463927
56.81625416824657	86.79151982123042
53.304915470367874	86.79151982123042
52.42708079589837	85.91368514676091
52.42708079589837	85.03585047229107
51.549246121428524	85.03585047229107
50.67141144695902	84.15801579782156
50.67141144695902	83.28018112335205
48.03790742355016	83.28018112335205
47.16007274908032	82.40234644888221
47.16007274908032	81.5245117744127
44.52656872567146	81.5245117744127
43.64873405120195	80.64667709994286
43.64873405120195	79.76884242547335
41.01523002779276	79.76884242547335
40.13739535332325	78.89100775100384
40.13739535332325	78.013173076534
37.503891329914396	78.013173076534
36.62605665544455	77.13533840206449
36.62605665544455	76.25750372759465
33.9925526320357	76.25750372759465
33.114717957566185	75.37966905312514
33.114717957566185	74.50183437865563
32.23688328309635	74.50183437865563
31.359048608626836	73.62399970418579
31.359048608626836	72.74616502971628
28.72554458521798	72.74616502971628
27.847709910748137	71.86833035524644
27.847709910748137	70.99049568077693
26.96987523627863	70.99049568077693
26.09204056180912	70.11266100630742
26.09204056180912	69.23482633183758
25.21420588733928	69.23482633183758
24.336371212869768	68.35699165736807
24.336371212869768	67.47915698289823
23.45853653839993	67.47915698289823
22.58070186393042	66.60132230842872
22.58070186393042	65.72348763395922
19.94719784052156	65.72348763395922
19.06936316605172	64.84565295948937
19.06936316605172	63.96781828501987
16.43585914264286	63.96781828501987
15.558024468173356	63.08998361055003
15.558024468173356	62.21214893608052
12.924520444764497	62.21214893608052
12.046685770294657	61.33431426161101
12.046685770294657	60.45647958714117
-6.387842393567685	60.45647958714117
-7.265677068037526	59.57864491267166
-7.265677068037526	58.70081023820182
-15.166189138264102	58.70081023820182
-16.044023812733943	57.822975563732314
-16.044023812733943	56.9451408892628
-18.6775278361428	56.9451408892628
-19.555362510612312	56.067306214792964
-19.555362510612312	55.18947154032345
-22.18886653402117	55.18947154032345
-23.06670120849101	54.311636865853615
-23.06670120849101	51.678132842444754
-23.94453588296052	51.678132842444754
-24.82237055743036	50.80029816797524
-24.82237055743036	48.16679414456639
-23.94453588296052	47.28895947009654
-23.06670120849101	47.28895947009654
-23.06670120849101	46.41112479562704
-22.18886653402117	45.533290121157194
-21.31103185955166	45.533290121157194
-21.31103185955166	44.65545544668769
-20.43319718508215	43.77762077221818
-19.555362510612312	43.77762077221818
-19.555362510612312	42.89978609774834
-18.6775278361428	42.02195142327883
-16.044023812733943	42.02195142327883
-16.044023812733943	41.14411674880899
-15.166189138264102	40.26628207433948
-10.777015765915893	40.26628207433948
-10.777015765915893	39.38844739986997
-9.899181091446385	38.51061272540013
-7.265677068037526	38.51061272540013
-7.265677068037526	37.63277805093062
-6.387842393567685	36.75494337646078
-3.7543383701588273	36.75494337646078
-3.7543383701588273	35.87710870199127
-2.8765036956893186	34.999274027521764
-1.9986690212194773	34.999274027521764
-1.9986690212194773	34.12143935305192
-1.1208343467499688	33.243604678582415
-0.24299967228012756	33.243604678582415
-0.24299967228012756	32.36577000411257
0.6348350021893809	31.48793532964306
1.5126696766588894	31.48793532964306
1.5126696766588894	30.610100655173554
2.3905043511287305	29.732265980703712
3.268339025598239	29.732265980703712
3.268339025598239	28.854431306234204
4.146173700068081	27.976596631764362
5.02400837453759	27.976596631764362
5.02400837453759	27.098761957294855
5.901843049007098	26.220927282825347
6.779677723476939	26.220927282825347
6.779677723476939	25.343092608355505
7.657512397946448	24.465257933885997
8.53534707241629	24.465257933885997
8.53534707241629	23.587423259416155
9.413181746885797	22.709588584946648
10.291016421355305	22.709588584946648
10.291016421355305	21.831753910477136
11.168851095825147	20.953919236007298
12.046685770294657	20.953919236007298
12.046685770294657	18.320415212598437
12.924520444764497	17.44258053812893
13.802355119234006	17.44258053812893
13.802355119234006	14.809076514719742
14.680189793703514	13.931241840250232
15.558024468173356	13.931241840250232
15.558024468173356	11.297737816841375
16.43585914264286	10.419903142371533
17.313693817112703	10.419903142371533
17.313693817112703	7.786399118962675
18.19152849158221	6.908564444493166
19.06936316605172	6.908564444493166
19.06936316605172	6.030729770023325
19.94719784052156	5.152895095553816
20.82503251499107	5.152895095553816
20.82503251499107	2.5193910721449577
21.70286718946091	1.6415563976751164
22.58070186393042	1.6415563976751164
22.58070186393042	0.7637217232056079
23.45853653839993	-0.11411295126390063
24.336371212869768	-0.11411295126390063
24.336371212869768	-0.9919476257337417
25.21420588733928	-1.8697823002032503
26.09204056180912	-1.8697823002032503
26.09204056180912	-4.503286323612109
26.96987523627863	-5.38112099808195
27.847709910748137	-5.38112099808195
27.847709910748137	-8.014625021490808
28.72554458521798	-8.892459695960316
29.603379259687486	-8.892459695960316
29.603379259687486	-13.281633068308524
30.481213934157328	-14.159467742778366
31.359048608626836	-14.159467742778366
31.359048608626836	-19.426475789596083
32.23688328309635	-20.304310464065924
33.114717957566185	-20.304310464065924
33.114717957566185	-24.693483836414135
33.9925526320357	-25.571318510883643
34.870387306505535	-25.571318510883643
34.870387306505535	-29.96049188323185
35.748221980975046	-30.838326557701357
36.62605665544455	-30.838326557701357
36.62605665544455	-35.22749993004957
37.503891329914396	-36.105334604519406
38.3817260043839	-36.105334604519406
38.3817260043839	-38.73883862792827
39.259560678853745	-39.61667330239777
40.13739535332325	-39.61667330239777
40.13739535332325	-42.250177325806966
41.01523002779276	-43.12801200027648
41.8930647022626	-43.12801200027648
41.8930647022626	-45.76151602368533
42.77089937673211	-46.63935069815518
43.64873405120195	-46.63935069815518
43.64873405120195	-51.02852407050338
44.52656872567146	-51.90635874497289
45.40440340014097	-51.90635874497289
45.40440340014097	-54.539862768381745
46.28223807461081	-55.41769744285159
47.16007274908032	-55.41769744285159
47.16007274908032	-59.8068708151998
48.03790742355016	-60.684705489669305
48.91574209801967	-60.684705489669305
48.91574209801967	-82.63057235141035
49.793576772489175	-83.50840702587986
50.67141144695902	-83.50840702587986
50.67141144695902	-89.65324974716741
51.549246121428524	-90.53108442163726
52.42708079589837	-90.53108442163726
52.42708079589837	-94.92025779398546
53.304915470367874	-95.79809246845497
54.182750144837385	-95.79809246845497
54.182750144837385	-105.4542738876209
53.304915470367874	-105.4542738876209
52.42708079589837	-106.33210856209074
52.42708079589837	-110.72128193443895
51.549246121428524	-110.72128193443895
50.67141144695902	-111.59911660890845
50.67141144695902	-114.2326206323173
49.793576772489175	-114.2326206323173
48.91574209801967	-115.11045530678716
48.91574209801967	-117.743959330196
48.03790742355016	-117.743959330196
47.16007274908032	-118.62179400466552
47.16007274908032	-123.01096737701373
46.28223807461081	-123.01096737701373
45.40440340014097	-123.88880205148357
45.40440340014097	-137.05632216852817
44.52656872567146	-137.05632216852817
43.64873405120195	-137.93415684299768
43.64873405120195	-145.8346689132246
42.77089937673211	-145.8346689132246
41.8930647022626	-146.7125035876941
41.8930647022626	-151.1016769600423
41.01523002779276	-151.1016769600423
40.13739535332325	-151.97951163451216
40.13739535332325	-158.12435435579937
39.259560678853745	-158.12435435579937
38.3817260043839	-159.00218903026922
38.3817260043839	-161.63569305367807
37.503891329914396	-161.63569305367807
36.62605665544455	-162.51352772814758
36.62605665544455	-166.9027011004958
35.748221980975046	-166.9027011004958
34.870387306505535	-167.78053577496564
34.870387306505535	-170.4140397983745
33.9925526320357	-170.4140397983745
33.114717957566185	-171.291874472844
33.114717957566185	-175.6810478451922
32.23688328309635	-175.6810478451922
31.359048608626836	-176.55888251966206
31.359048608626836	-180.94805589201025
30.481213934157328	-180.94805589201025
29.603379259687486	-181.82589056647976
29.603379259687486	-186.21506393882797
28.72554458521798	-186.21506393882797
27.847709910748137	-187.09289861329782
27.847709910748137	-189.72640263670667
26.96987523627863	-189.72640263670667
26.09204056180912	-190.60423731117618
26.09204056180912	-194.9934106835244
25.21420588733928	-194.9934106835244
24.336371212869768	-195.87124535799424
24.336371212869768	-202.01608807928145
23.45853653839993	-202.01608807928145
22.58070186393042	-202.8939227537513
22.58070186393042	-209.91660014950835
21.70286718946091	-209.91660014950835
20.82503251499107	-210.79443482397787
20.82503251499107	-213.42793884738705
19.94719784052156	-213.42793884738705
19.06936316605172	-214.30577352185657
19.06936316605172	-216.93927754526544
18.19152849158221	-216.93927754526544
17.313693817112703	-217.81711221973526
17.313693817112703	-218.69494689420478
16.43585914264286	-218.69494689420478
15.558024468173356	-219.5727815686743
15.558024468173356	-220.45061624314414
14.680189793703514	-220.45061624314414
13.802355119234006	-221.32845091761365
13.802355119234006	-222.20628559208347
12.924520444764497	-222.20628559208347
12.046685770294657	-223.084120266553
12.046685770294657	-225.71762428996186
11.168851095825147	-225.71762428996186
10.291016421355305	-226.59545896443169
10.291016421355305	-227.4732936389012
9.413181746885797	-227.4732936389012
8.53534707241629	-228.3511283133707
8.53534707241629	-230.9846323367799
7.657512397946448	-230.9846323367799
6.779677723476939	-231.8624670112494
6.779677723476939	-234.49597103465825
5.901843049007098	-234.49597103465825
5.02400837453759	-235.3738057091281
5.02400837453759	-238.00730973253695
4.146173700068081	-238.00730973253695
3.268339025598239	-238.88514440700646
3.268339025598239	-241.51864843041534
2.3905043511287305	-241.51864843041534
1.5126696766588894	-242.39648310488516
1.5126696766588894	-252.0526645240511
0.6348350021893809	-252.0526645240511
-0.24299967228012756	-252.93049919852095
-0.24299967228012756	-257.31967257086916
-1.1208343467499688	-257.31967257086916
-1.9986690212194773	-258.19750724533867
-1.9986690212194773	-259.0753419198082
-2.8765036956893186	-259.0753419198082
-3.7543383701588273	-259.95317659427803
-3.7543383701588273	-260.83101126874755
-4.632173044628336	-260.83101126874755
-5.510007719098176	-261.7088459432174
-5.510007719098176	-262.5866806176869
-6.387842393567685	-262.5866806176869
-7.265677068037526	-263.4645152921564
-7.265677068037526	-264.3423499666262
-9.899181091446385	-264.3423499666262
-10.777015765915893	-265.2201846410957
-10.777015765915893	-266.0980193155656
-13.410519789324752	-266.0980193155656
-14.288354463794592	-266.9758539900351
-14.288354463794592	-267.8536886645046
-15.166189138264102	-267.8536886645046
-16.044023812733943	-268.73152333897445
-16.044023812733943	-269.60935801344397
-16.92185848720345	-269.60935801344397
-17.799693161672963	-270.4871926879138
-17.799693161672963	-271.36502736238333
-18.6775278361428	-271.36502736238333
-19.555362510612312	-272.24286203685284
-19.555362510612312	-273.12069671132264
-20.43319718508215	-273.12069671132264
-21.31103185955166	-273.99853138579215
-21.31103185955166	-276.632035409201
-22.18886653402117	-276.632035409201
-23.06670120849101	-277.5098700836709
-23.06670120849101	-278.3877047581404
-23.94453588296052	-278.3877047581404
-24.82237055743036	-279.26553943261024
-24.82237055743036	-280.1433741070797
-25.70020523189987	-280.1433741070797
-26.578039906369376	-281.0212087815492
-26.578039906369376	-283.6547128049584
-27.455874580839218	-283.6547128049584
-28.333709255308726	-284.53254747942793
-28.333709255308726	-285.41038215389744
-29.211543929778568	-285.41038215389744
-30.089378604248076	-286.2882168283673
-30.089378604248076	-287.1660515028368
-30.967213278717587	-287.1660515028368
-31.845047953187425	-288.0438861773066
-31.845047953187425	-288.9217208517761
-32.72288262765694	-288.9217208517761
-33.600717302126775	-289.7995555262456
-33.600717302126775	-290.6773902007155
-34.478551976596286	-290.6773902007155
-35.35638665106579	-291.555224875185
-35.35638665106579	-292.43305954965484
-36.234221325535636	-292.43305954965484
-37.11205600000514	-293.31089422412435
-37.11205600000514	-294.18872889859387
-37.989890674474985	-294.18872889859387
-38.86772534894449	-295.0665635730637
-38.86772534894449	-297.70006759647254
-39.745560023414	-297.70006759647254
-40.62339469788384	-298.57790227094205
-40.62339469788384	-299.4557369454119
-41.50122937235335	-299.4557369454119
-42.379064046823196	-300.3335716198814
-42.379064046823196	-301.21140629435126
-43.2568987212927	-301.21140629435126
-44.13473339576221	-302.0892409688208
-44.13473339576221	-302.9670756432903
-45.01256807023205	-302.9670756432903
-45.89040274470156	-303.84491031776014
-45.89040274470156	-304.7227449922296
-46.7682374191714	-304.7227449922296
-47.64607209364091	-305.60057966669945
-47.64607209364091	-306.47841434116896
-48.523906768110415	-306.47841434116896
-49.40174144258026	-307.35624901563847
-49.40174144258026	-308.2340836901083
-50.279576117049764	-308.2340836901083
-51.15741079151961	-309.11191836457783
-51.15741079151961	-309.9897530390477
-52.035245465989114	-309.9897530390477
-52.913080140458625	-310.8675877135172
-52.913080140458625	-311.7454223879867
-53.79091481492846	-311.7454223879867
-54.668749489397975	-312.6232570624565
-54.668749489397975	-313.501091736926
-55.54658416386781	-313.501091736926
-56.424418838337324	-314.37892641139587
-56.424418838337324	-315.2567610858654
-57.302253512806836	-315.2567610858654
-58.180088187276674	-316.1345957603349
-58.180088187276674	-317.01243043480474
-59.057922861746185	-317.01243043480474
-59.93575753621602	-317.89026510927425
-59.93575753621602	-318.7680997837441
-60.813592210685535	-318.7680997837441
-61.69142688515504	-319.6459344582136
-61.69142688515504	-320.5237691326831
-62.569261559624884	-320.5237691326831
-63.44709623409439	-321.4016038071529
-63.44709623409439	-322.27943848162244
-64.32493090856423	-322.27943848162244
-65.20276558303374	-323.1572731560923
-65.20276558303374	-324.0351078305618
-66.08060025750325	-324.0351078305618
-66.95843493197309	-324.9129425050313
-66.95843493197309	-325.79077717950116
-67.8362696064426	-325.79077717950116
-68.71410428091244	-326.6686118539707
-68.71410428091244	-327.5464465284405
-69.59193895538195	-327.5464465284405
-70.46977362985145	-328.42428120291004
-70.46977362985145	-329.3021158773795
-71.3476083043213	-329.3021158773795
-72.2254429787908	-330.17995055184934
-72.2254429787908	-331.05778522631886
-73.10327765326065	-331.05778522631886
-73.98111232773014	-331.9356199007887
-73.98111232773014	-332.8134545752582
-74.85894700219966	-332.8134545752582
-75.7367816766695	-333.69128924972773
-75.7367816766695	-334.5691239241976
-76.614616351139	-334.5691239241976
-77.49245102560884	-335.4469585986671
-77.49245102560884	-336.3247932731369
-78.37028570007836	-336.3247932731369
-79.24812037454787	-337.2026279476064
-79.24812037454787	-338.0804626220759
-80.1259550490177	-338.0804626220759
-81.00378972348722	-338.95829729654577
-81.00378972348722	-339.8361319710153
-81.88162439795705	-339.8361319710153
-82.75945907242657	-340.71396664548513
-82.75945907242657	-341.59180131995464
-83.63729374689608	-341.59180131995464
-84.51512842136592	-342.46963599442415
-84.51512842136592	-343.347470668894
-85.39296309583543	-343.347470668894
-86.27079777030526	-344.2253053433635
-86.27079777030526	-345.1031400178333
-87.14863244477478	-345.1031400178333
-88.02646711924429	-345.9809746923028
-88.02646711924429	-346.85880936677233
-88.90430179371413	-346.85880936677233
-89.78213646818364	-347.7366440412422
-89.78213646818364	-348.6144787157117
-90.65997114265348	-348.6144787157117
-91.53780581712299	-349.49231339018155
-91.53780581712299	-350.37014806465106
-92.41564049159248	-350.37014806465106
-93.29347516606234	-351.2479827391206
-93.29347516606234	-352.1258174135904
-94.17130984053183	-352.1258174135904
-95.04914451500169	-353.00365208805994
-95.04914451500169	-353.88148676252973
-95.9269791894712	-353.88148676252973
-96.8048138639407	-354.75932143699924
-96.8048138639407	-355.63715611146876
-97.68264853841055	-355.63715611146876
-98.56048321288004	-356.5149907859386
-98.56048321288004	-357.3928254604081
-99.4383178873499	-357.3928254604081
-100.3161525618194	-358.27066013487797
-100.3161525618194	-359.1484948093475
-101.1939872362889	-359.1484948093475
-102.07182191075874	-360.026329483817
-102.07182191075874	-362.65983350722615
-102.94965658522825	-362.65983350722615
-103.82749125969809	-363.53766818169566
-103.82749125969809	-364.4155028561652
-104.7053259341676	-364.4155028561652
-105.58316060863712	-365.29333753063503
-105.58316060863712	-366.17117220510454
-106.46099528310695	-366.17117220510454
-107.33882995757646	-367.0490068795744
-107.33882995757646	-367.9268415540439
-108.2166646320463	-367.9268415540439
-109.09449930651581	-368.8046762285134
-109.09449930651581	-369.6825109029832
-109.97233398098533	-369.6825109029832
-110.85016865545516	-370.5603455774527
-110.85016865545516	-371.4381802519226
-111.72800332992468	-371.4381802519226
-112.60583800439451	-372.3160149263921
-112.60583800439451	-373.1938496008616
-113.48367267886402	-373.1938496008616
-114.36150735333354	-374.07168427533145
-114.36150735333354	-374.94951894980096
-115.23934202780337	-374.94951894980096
-116.11717670227289	-375.8273536242708
-116.11717670227289	-376.7051882987403
-116.99501137674272	-376.7051882987403
-117.87284605121224	-377.5830229732098
-117.87284605121224	-378.46085764767963
-118.75068072568173	-378.46085764767963
-119.62851540015158	-379.33869232214914
-119.62851540015158	-380.216526996619
-122.26201942356043	-380.216526996619
-123.13985409802994	-381.0943616710885
-123.13985409802994	-381.972196345558
-124.01768877249978	-381.972196345558
-124.89552344696929	-382.85003102002787
-124.89552344696929	-383.7278656944974
-127.52902747037815	-383.7278656944974
-128.406862144848	-384.60570036896723
-128.406862144848	-385.4835350434367
-129.2846968193175	-385.4835350434367
-130.16253149378736	-386.3613697179062
-130.16253149378736	-387.23920439237605
-131.04036616825687	-387.23920439237605
-131.91820084272635	-388.11703906684556
-131.91820084272635	-388.9948737413154
-132.7960355171962	-388.9948737413154
-133.6738701916657	-389.8727084157849
-133.6738701916657	-390.75054309025444
-134.55170486613557	-390.75054309025444
-135.42953954060505	-391.6283777647243
-135.42953954060505	-392.5062124391938
-136.30737421507456	-392.5062124391938
-137.1852088895444	-393.3840471136636
-137.1852088895444	-394.2618817881331
-138.06304356401392	-394.2618817881331
-138.94087823848375	-395.1397164626026
-138.94087823848375	-396.0175511370725
-140.69654758742277	-396.0175511370725
-141.57438226189262	-396.895385811542
-141.57438226189262	-397.77322048601184
-142.45221693636213	-397.77322048601184
-143.33005161083196	-398.65105516048135
-143.33005161083196	-400.4067245094207
-145.96355563424083	-400.4067245094207
-146.84139030871034	-401.2845591838902
-146.84139030871034	-402.16239385836
-147.71922498318017	-402.16239385836
-148.59705965764968	-403.04022853282953
-148.59705965764968	-403.91806320729904
-149.4748943321192	-403.91806320729904
-150.35272900658904	-404.7958978817689
-150.35272900658904	-405.6737325562384
-152.9862330299979	-405.6737325562384
-153.8640677044674	-406.55156723070826
-153.8640677044674	-407.42940190517777
-154.74190237893725	-407.42940190517777
-155.61973705340677	-408.3072365796473
-155.61973705340677	-409.18507125411713
-158.2532410768156	-409.18507125411713
-159.13107575128547	-410.0629059285866
-159.13107575128547	-410.94074060305644
-160.00891042575495	-410.94074060305644
-160.8867451002248	-411.81857527752595
-160.8867451002248	-412.69640995199546
-161.7645797746943	-412.69640995199546
-162.64241444916382	-413.5742446264653
-162.64241444916382	-414.4520793009348
-163.52024912363365	-414.4520793009348
-164.39808379810316	-415.3299139754047
-164.39808379810316	-416.2077486498742
-167.03158782151203	-416.2077486498742
-167.90942249598186	-417.0855833243437
-167.90942249598186	-417.9634179988135
-168.78725717045137	-417.9634179988135
-169.66509184492122	-418.841252673283
-169.66509184492122	-419.71908734775286
-170.54292651939073	-419.71908734775286
-171.42076119386024	-420.5969220222224
-171.42076119386024	-421.4747566966919
-172.29859586833007	-421.4747566966919
-173.17643054279958	-422.35259137116174
-173.17643054279958	-423.23042604563125
-174.05426521726943	-423.23042604563125
-174.93209989173894	-424.1082607201011
-174.93209989173894	-424.9860953945706
-175.80993456620845	-424.9860953945706
-176.68776924067828	-425.8639300690401
-176.68776924067828	-426.7417647435099
-179.32127326408715	-426.7417647435099
-180.19910793855666	-427.61959941797943
-180.19910793855666	-428.4974340924493
-181.0769426130265	-428.4974340924493
-181.954777287496	-429.3752687669188
-181.954777287496	-430.2531034413883
-184.58828131090485	-430.2531034413883
-185.4661159853747	-431.13093811585816
-185.4661159853747	-432.00877279032767
-186.3439506598442	-432.00877279032767
-187.22178533431406	-432.8866074647975
-187.22178533431406	-433.764442139267
-189.8552893577229	-433.764442139267
-190.73312403219242	-434.6422768137365
-190.73312403219242	-435.52011148820634
-193.36662805560127	-435.52011148820634
-194.24446273007112	-436.39794616267585
-194.24446273007112	-437.2757808371457
-198.63363610241933	-437.2757808371457
-199.51147077688884	-438.1536155116152
-199.51147077688884	-439.0314501860847
-200.38930545135867	-439.0314501860847
-201.26714012582818	-439.9092848605546
-201.26714012582818	-440.7871195350241
-205.6563134981764	-440.7871195350241
-206.5341481726459	-441.6649542094939
-206.5341481726459	-442.5427888839634
-209.1676521960551	-442.5427888839634
-210.0454868705246	-443.4206235584329
-210.0454868705246	-444.29845823290276
-212.67899089393345	-444.29845823290276
-213.5568255684033	-445.1762929073723
-213.5568255684033	-446.0541275818421
-216.19032959181214	-446.0541275818421
-217.06816426628166	-446.93196225631164
-217.06816426628166	-447.80979693078115
-217.9459989407515	-447.80979693078115
-218.82383361522102	-448.687631605251
-218.82383361522102	-449.5654662797205
-221.45733763862987	-449.5654662797205
-222.33517231309972	-450.4433009541903
-222.33517231309972	-451.3211356286598
-223.21300698756923	-451.3211356286598
-224.09084166203874	-452.19897030312933
-224.09084166203874	-453.0768049775992
-226.72434568544793	-453.0768049775992
-227.60218035991744	-453.9546396520687
-227.60218035991744	-454.83247432653855
-230.2356843833263	-454.83247432653855
-231.11351905779614	-455.71030900100806
-231.11351905779614	-456.58814367547757
-235.50269243014435	-456.58814367547757
-236.38052710461386	-457.4659783499474
-236.38052710461386	-458.3438130244169
-240.76970047696204	-458.3438130244169
-241.64753515143155	-459.2216476988867
-241.64753515143155	-460.09948237335624
-244.28103917484074	-460.09948237335624
-245.15887384931025	-460.97731704782575
-245.15887384931025	-461.8551517222956
-247.79237787271913	-461.8551517222956
-248.67021254718895	-462.7329863967651
-248.67021254718895	-463.61082107123497
-251.30371657059783	-463.61082107123497
-252.18155124506734	-464.4886557457045
-252.18155124506734	-465.366490420174
-253.05938591953716	-465.366490420174
-253.93722059400667	-466.2443250946438
-253.93722059400667	-467.1221597691133
-256.5707246174156	-467.1221597691133
-257.44855929188543	-467.99999444358315
-257.44855929188543	-468.87782911805266
-258.32639396635494	-468.87782911805266
-259.2042286408244	-469.75566379252217
-259.2042286408244	-470.633498466992
-261.8377326642336	-470.633498466992
-262.7155673387031	-471.51133314146153
-262.7155673387031	-472.3891678159314
-265.349071362112	-472.3891678159314
-266.2269060365818	-473.2670024904009
-266.2269060365818	-474.1448371648704
-268.86041005999067	-474.1448371648704
-269.7382447344602	-475.0226718393402
-269.7382447344602	-475.9005065138097
-270.61607940893003	-475.9005065138097
-271.49391408339955	-476.77834118827957
-271.49391408339955	-477.6561758627491
-274.1274181068084	-477.6561758627491
-275.0052527812782	-478.5340105372186
-275.0052527812782	-479.41184521168844
-277.6387568046871	-479.41184521168844
-278.5165914791566	-480.28967988615796
-278.5165914791566	-481.1675145606278
-281.1500955025655	-481.1675145606278
-282.02793017703533	-482.0453492350973
-282.02793017703533	-482.9231839095668
-284.66143420044415	-482.9231839095668
-285.53926887491366	-483.8010185840366
-285.53926887491366	-484.67885325850614
-288.1727728983229	-484.67885325850614
-289.0506075727924	-485.556687932976
-289.0506075727924	-486.4345226074455
-291.6841115962012	-486.4345226074455
-292.56194627067106	-487.312357281915
-292.56194627067106	-488.19019195638487
-296.9511196430193	-488.19019195638487
-297.8289543174888	-489.0680266308544
-297.8289543174888	-489.9458613053242
-300.4624583408976	-489.9458613053242
-301.3402930153675	-490.8236959797937
-301.3402930153675	-491.7015306542632
-303.97379703877635	-491.7015306542632
-304.85163171324587	-492.57936532873305
-304.85163171324587	-493.45720000320256
-307.48513573665474	-493.45720000320256
-308.36297041112454	-494.3350346776724
-308.36297041112454	-495.2128693521419
-310.9964744345334	-495.2128693521419
-311.8743091090029	-496.09070402661143
-311.8743091090029	-496.9685387010813
-318.01915183029047	-496.9685387010813
-318.8969865047603	-497.8463733755508
-318.8969865047603	-498.7242080500206
-328.55316792392625	-498.7242080500206
-329.43100259839576	-499.6020427244901
-329.43100259839576	-500.4798773989596
-336.45367999415316	-500.4798773989596
-337.3315146686227	-501.35771207342947
-337.3315146686227	-502.235546747899
-348.7433654367279	-502.235546747899
-349.62120011119777	-503.11338142236883
-349.62120011119777	-503.99121609683834
-366.30005892612076	-503.99121609683834
-367.1778936005906	-504.86905077130785
-367.1778936005906	-505.7468854457777
-373.3227363218778	-505.7468854457777
-374.20057099634766	-506.6247201202472
-374.20057099634766	-507.502554794717
-378.5897443686959	-507.502554794717
-379.4675790431654	-508.3803894691865
-379.4675790431654	-509.25822414365604
-382.10108306657423	-509.25822414365604
-382.9789177410441	-510.1360588181259
-382.9789177410441	-511.0138934925954
-387.3680911133923	-511.0138934925954
-388.2459257878618	-511.89172816706525
-388.2459257878618	-512.7695628415347
-392.63509916021	-512.7695628415347
-393.51293383467987	-513.6473975160042
-393.51293383467987	-514.5252321904741
-397.90210720702805	-514.5252321904741
-398.77994188149756	-515.4030668649435
-398.77994188149756	-516.2809015394134
-404.9247846027851	-516.2809015394134
-405.8026192772546	-517.1587362138829
-405.8026192772546	-518.0365708883525
-411.9474619985422	-518.0365708883525
-412.8252966730117	-518.9144055628223
-412.8252966730117	-519.7922402372917
-424.2371474411173	-519.7922402372917
-425.1149821155868	-520.6700749117616
-425.1149821155868	-521.5479095862311
-469.8845505135384	-521.5479095862311
